  -9.9999999999999978E-002   3.1233607379487691E-002   1.1756094140119974E-003
  0.80100000000000005       0.12456495109474867        2.4501704028927511E-003
   1.7020000000000000       0.22545667818402648        3.3853120178971743E-003
   2.6029999999999998       0.32779688057764533        4.1514785338543714E-003
   3.5039999999999996       0.43014740751700792        4.8275659669407374E-003
   4.4049999999999994       0.55055579979927050        5.8075215357733488E-003
   5.3059999999999992       0.70778443023175930        2.0114691150929592E-002
   6.2069999999999990       0.94383616565841733        2.4040702410933291E-002
   7.1079999999999988        1.0712827753803604        1.7155207197696871E-002
   8.0089999999999986        1.1855298439987754        2.3258002797889928E-002
   8.9099999999999984        1.3629071157872183        2.3674209492338970E-002
   9.8109999999999982        1.4619926534672367        1.6382474983998807E-002
   10.711999999999998        1.5422075975120191        1.5952372181540869E-002
   11.612999999999998        1.7071625060722049        1.7405614547185713E-002
   12.513999999999998        1.8058092448694065        1.7314137759179400E-002
   13.414999999999997        1.9401927149733802        1.7220728038475134E-002
   14.315999999999997        2.0878096050715205        1.8329029774064858E-002
   15.216999999999999        2.1947153354120856        2.0701942262871632E-002
   16.117999999999999        2.2782364690343142        1.7242223416808589E-002
   17.018999999999998        2.4460921787627528        2.1498949639774348E-002
   17.919999999999998        2.5410124081159342        1.8001664453541143E-002
   18.820999999999998        2.6830473181314551        1.9169434978028102E-002
   19.721999999999998        2.7675568441369855        1.8263755072560516E-002
   20.622999999999998        2.8821034594135289        1.8322508703809647E-002
   21.523999999999997        3.0146446094608224        1.8964398372824872E-002
   22.424999999999997        3.1061614398625155        1.8960763590110116E-002
   23.325999999999997        3.2030688182242333        1.9164487813001629E-002
   24.226999999999997        3.3391513658986365        1.9382862003460247E-002
   25.127999999999997        3.4395756392041896        2.0006935353256497E-002
   26.028999999999996        3.5382503754010188        1.9860048083921174E-002
   26.929999999999996        3.6797659237349891        2.0679196928305658E-002
   27.830999999999996        3.7768102951230986        2.0463041305249691E-002
   28.731999999999996        3.8570790646602156        2.0939338778205679E-002
   29.632999999999996        3.9685134703423475        2.1314528314163458E-002
   30.533999999999995        4.0427530573719794        2.1864803260405408E-002
   31.434999999999999        4.1501758216608353        2.1678749963290198E-002
   32.335999999999999        4.2807421250494784        2.1989618300412888E-002
   33.237000000000002        4.3298674459759567        2.1921164694238729E-002
   34.138000000000005        4.4487800091381491        2.2375419283502698E-002
   35.039000000000009        4.5055581949708063        2.2570386114391647E-002
   35.940000000000012        4.5969769764606072        2.2771162196150684E-002
   36.841000000000015        4.7323057893369453        2.3178479011603897E-002
   37.742000000000019        4.7619361751770137        2.3438102208018140E-002
   38.643000000000022        4.8572026190134245        2.3484270528614345E-002
   39.544000000000025        4.9969678434118299        2.4187973124402615E-002
   40.445000000000029        4.9926515323763638        2.3880693532255377E-002
   41.346000000000032        5.1231502007969292        2.4271091520141595E-002
   42.247000000000035        5.1843566890644999        2.4412163406642030E-002
   43.148000000000039        5.2761024404988035        2.4834833743786422E-002
   44.049000000000042        5.3597745726166188        2.5208316575402557E-002
   44.950000000000045        5.4170042570538275        2.5468660616664553E-002
   45.851000000000049        5.5405652707028263        2.5603764602678391E-002
   46.752000000000052        5.5845628833690775        2.5893141625937224E-002
   47.653000000000056        5.6262328197037785        2.6172044202528711E-002
   48.554000000000059        5.6995944148025304        2.6212628962148109E-002
   49.455000000000062        5.8187278602017241        2.6610874906760996E-002
   50.356000000000066        5.7952835507864631        2.6686134185967405E-002
   51.257000000000069        5.8708590655584114        2.6972238171236871E-002
   52.158000000000072        5.9734403449468676        2.7300605524463603E-002
   53.059000000000076        6.0106029864929251        2.7600042911749001E-002
   53.960000000000079        6.1141937633171821        2.7992679528042370E-002
   54.861000000000082        6.1831115013352136        2.8096445526137815E-002
   55.762000000000086        6.2471777621909963        2.8556708777894055E-002
   56.663000000000089        6.2555509118745665        2.8762778435638917E-002
   57.564000000000092        6.2906457680473409        2.8683152773452653E-002
   58.465000000000096        6.3669063824366550        2.9123722011480412E-002
   59.366000000000099        6.4108892536845890        2.9211550393700360E-002
   60.267000000000102        6.4292010897028433        2.9377028581244208E-002
   61.168000000000106        6.4731462731605625        2.9512370234704564E-002
   62.069000000000109        6.5624061878385165        3.0036289196068947E-002
   62.970000000000113        6.5873053444206580        3.0133315209085340E-002
   63.871000000000116        6.6408344138464370        3.0488020753577726E-002
   64.772000000000119        6.6708344693179447        3.0515240764143699E-002
   65.673000000000116        6.6748715738559143        3.0694645725379645E-002
   66.574000000000112        6.7499854063259948        3.1029736660060328E-002
   67.475000000000108        6.7454477584990959        3.1154738083501474E-002
   68.376000000000104        6.8064651584401545        3.1261026845397014E-002
   69.277000000000100        6.8790826433766812        3.1614987433575360E-002
   70.178000000000097        6.8556980625354420        3.1730489564327453E-002
   71.079000000000093        6.8931633255330071        3.1982645684664877E-002
   71.980000000000089        6.8778548219941396        3.1982888734726878E-002
   72.881000000000085        6.9226411776537597        3.2128615209185779E-002
   73.782000000000082        6.9270983885345787        3.2250793166323254E-002
   74.683000000000078        6.9891136247592573        3.2504143137511494E-002
   75.584000000000074        6.9969373116759481        3.2700129888897839E-002
   76.485000000000070        7.0154417205406538        3.2883072577937905E-002
   77.386000000000067        7.0413625928517636        3.2951531805446931E-002
   78.287000000000063        7.0832086760297566        3.3149534667765983E-002
   79.188000000000059        7.0911984994953521        3.3173979852800552E-002
   80.089000000000055        7.0984943100457265        3.3395229049157288E-002
   80.990000000000052        7.0522121259236101        3.3122322779430641E-002
   81.891000000000048        7.1284489510599087        3.3502846328267909E-002
   82.792000000000044        7.0862975163117961        3.3459068095119206E-002
   83.693000000000040        7.1143344024902717        3.3496776840269561E-002
   84.594000000000037        7.1311406570969584        3.3597731465678779E-002
   85.495000000000033        7.1629028021210086        3.3687665864050642E-002
   86.396000000000029        7.1309641258677479        3.3543337458943341E-002
   87.297000000000025        7.1520250400711083        3.3611956499571931E-002
   88.198000000000022        7.0839640250693794        3.3524919241998741E-002
   89.099000000000018        7.0932356975971365        3.3629805464501956E-002
   90.000000000000014        7.2312133199740138        3.3828399909058372E-002
   90.901000000000010        7.0942576182439723        3.3631431780853580E-002
   91.802000000000007        7.1481025911644629        3.3600192761147035E-002
   92.703000000000003        7.0915576347288720        3.3441957280234483E-002
   93.603999999999999        7.1195051705617489        3.3467155040555648E-002
   94.504999999999995        7.1170782469868268        3.3495273336722801E-002
   95.405999999999992        7.1098186425807297        3.3361468189669397E-002
   96.306999999999988        7.0006244350518099        3.2990380956179413E-002
   97.207999999999984        7.0353125737605655        3.3034267971377311E-002
   98.108999999999980        7.0507157298688101        3.3056462952481672E-002
   99.009999999999977        7.0020467829387183        3.2862742681825534E-002
   99.910999999999973        6.9770851590692367        3.2785207571925129E-002
   100.81199999999997        7.0257047349885626        3.2785150823772119E-002
   101.71299999999997        6.9505061134606336        3.2446401199076089E-002
   102.61399999999996        6.9682587707790207        3.2420796837685395E-002
   103.51499999999996        6.8956818510784705        3.2058249241813191E-002
   104.41599999999995        6.8787962718721838        3.1902965402114764E-002
   105.31699999999995        6.8395697894702092        3.1827506628651914E-002
   106.21799999999995        6.8089471043834644        3.1573119259718160E-002
   107.11899999999994        6.7718263389797935        3.1300454520209318E-002
   108.01999999999994        6.7792932622276005        3.1265786349527411E-002
   108.92099999999994        6.7776931478495781        3.1229701864130724E-002
   109.82199999999993        6.7607424281734332        3.1034182327935925E-002
   110.72299999999993        6.6955220592058007        3.0669883251695212E-002
   111.62399999999992        6.6152570237353308        3.0382355233778646E-002
   112.52499999999992        6.5727595107230989        3.0131880165993497E-002
   113.42599999999992        6.6021965422791498        3.0023962362337689E-002
   114.32699999999991        6.5040686204311404        2.9675869450729125E-002
   115.22799999999991        6.4792711469664015        2.9584358090572534E-002
   116.12899999999991        6.4136834348765159        2.9214969043531235E-002
   117.02999999999990        6.4377806907911230        2.9177702027274783E-002
   117.93099999999990        6.3471656421561109        2.8796395094073307E-002
   118.83199999999989        6.2472586552578777        2.8377276369609000E-002
   119.73299999999989        6.2653296127530389        2.8308509730585556E-002
   120.63399999999989        6.1798381467750740        2.7985720379412826E-002
   121.53499999999988        6.1526630593340279        2.7835275239719619E-002
   122.43599999999988        6.0291258144985305        2.7402686569325516E-002
   123.33699999999988        5.9989660881605493        2.7166732408216421E-002
   124.23799999999987        5.9269647494506135        2.6867900576642966E-002
   125.13899999999987        5.9009093412059732        2.6672780982606462E-002
   126.03999999999986        5.8671292287770616        2.6492559902456709E-002
   126.94099999999986        5.7453970480758443        2.6042121972828215E-002
   127.84199999999986        5.7333325202771155        2.5929724373526419E-002
   128.74299999999985        5.6553644237280167        2.5652670122088574E-002
   129.64399999999986        5.5860689146588438        2.5346825875677725E-002
   130.54499999999987        5.4671470945195226        2.4960589784239318E-002
   131.44599999999988        5.4221292524650506        2.4761489352506025E-002
   132.34699999999989        5.3761195918682940        2.4479704946439314E-002
   133.24799999999991        5.3072789520028092        2.4254187612176206E-002
   134.14899999999992        5.2258732680778772        2.3956302577560609E-002
   135.04999999999993        5.1499043454885296        2.3663329043464132E-002
   135.95099999999994        5.0537324354557285        2.3346890738635349E-002
   136.85199999999995        4.9670052254856136        2.3006510337180246E-002
   137.75299999999996        4.9361059418641533        2.2849974185931526E-002
   138.65399999999997        4.8369342487761164        2.2530705403090153E-002
   139.55499999999998        4.7375832902514823        2.2211069710648731E-002
   140.45599999999999        4.6610660350357325        2.1928489790421363E-002
   141.35700000000000        4.5587901703136282        2.1616589536013059E-002
   142.25800000000001        4.5100375868802622        2.1449806345849861E-002
   143.15900000000002        4.4009417934634305        2.1070431677795497E-002
   144.06000000000003        4.3056179314571530        2.0774273019947928E-002
   144.96100000000004        4.1934029623190909        2.0455658213620834E-002
   145.86200000000005        4.1536605928807973        2.0248731277900087E-002
   146.76300000000006        4.0212449455118735        1.9868842471039670E-002
   147.66400000000007        3.9525082831974347        1.9653108057317424E-002
   148.56500000000008        3.8653604679810627        1.9361849054304693E-002
   149.46600000000009        3.7021057117166856        1.8892193584658788E-002
   150.36700000000010        3.6219075341386597        1.8646396812315145E-002
   151.26800000000011        3.5293537051695356        1.8335802728782571E-002
   152.16900000000012        3.4483742940254700        1.8095165641966452E-002
   153.07000000000014        3.3562672671827354        1.7811588503769644E-002
   153.97100000000015        3.2337427614529721        1.7448941605878284E-002
   154.87200000000016        3.1134375422526346        1.7090713004478567E-002
   155.77300000000017        3.0435259169392261        1.6850882695165038E-002
   156.67400000000018        2.9446861302256351        1.6541596723048384E-002
   157.57500000000019        2.8436312686657970        1.6231978809783408E-002
   158.47600000000020        2.6931532068374198        1.5764670590520266E-002
   159.37700000000021        2.6092012664926321        1.5507607768147465E-002
   160.27800000000022        2.5195059885865310        1.5225020701016057E-002
   161.17900000000023        2.3811108530728724        1.4773953094866680E-002
   162.08000000000024        2.2552869171483958        1.4358359173558297E-002
   162.98100000000025        2.1594118091139132        1.4046404854148199E-002
   163.88200000000026        2.0445044990676835        1.3669368717261933E-002
   164.78300000000027        1.9278810508435649        1.3265717036502134E-002
   165.68400000000028        1.8308939552189172        1.2932429367591543E-002
   166.58500000000029        1.6625267671116832        1.2323328331540628E-002
   167.48600000000030        1.5843322759902800        1.2033701533923379E-002
   168.38700000000031        1.4591497741868924        1.1559981004301306E-002
   169.28800000000032        1.3159685702086557        1.0985887824963379E-002
   170.18900000000033        1.2315221604268243        1.0644436813796820E-002
   171.09000000000034        1.1130868327694834        1.0149196095497349E-002
   171.99100000000035       0.99219956176653612        9.6129747634374017E-003
   172.89200000000037       0.87145033756162582        9.0271570835106854E-003
   173.79300000000038       0.75237260647485471        8.4225925934870161E-003
   174.69400000000039       0.62027353725976053        7.6739027629495115E-003
   175.59500000000040       0.51973546201318599        7.0736035707678726E-003
   176.49600000000041       0.39242505570977299        6.1964368811919862E-003
   177.39700000000042       0.27092185886108122        5.2095839545778068E-003
   178.29800000000043       0.15923062850238401        4.0619704147267536E-003
   179.19900000000044        4.3791370414820174E-002   2.1935079258072246E-003
