  -9.9999999999999978E-002   13.346712291003193        5.1673530545104658E-002
  0.80100000000000005        12.249613682276660        5.6429592048348146E-002
   1.7020000000000000        7.5136708586406726        4.4895815439685710E-002
   2.6029999999999998        5.2944750354003025        4.1490357434130133E-002
   3.5039999999999996        4.1698913361981820        3.3938977370106524E-002
   4.4049999999999994        3.3010823038709010        2.9553950587623060E-002
   5.3059999999999992        2.8169013064964381        2.7274465647019148E-002
   6.2069999999999990        2.4370224090937911        2.9416255122802243E-002
   7.1079999999999988        2.1600802419605727        2.4086419093841318E-002
   8.0089999999999986        1.9468484860538506        2.3137475698808658E-002
   8.9099999999999984        1.7604398581045109        2.1383283753919558E-002
   9.8109999999999982        1.6446059643895568        2.0701951675067380E-002
   10.711999999999998        1.4795265593092419        1.9435464515217493E-002
   11.612999999999998        1.3821291723021309        1.8423916161627498E-002
   12.513999999999998        1.2647844907159640        1.8423378096606987E-002
   13.414999999999997        1.2102897500275474        1.7313513854135681E-002
   14.315999999999997        1.1263267592429047        1.6424806946484592E-002
   15.216999999999999        1.0439511759091358        1.5541688062649033E-002
   16.117999999999999        1.0249960581353441        1.5602997299324111E-002
   17.018999999999998       0.94852598957705503        1.4843466688897989E-002
   17.919999999999998       0.90769132605525060        1.4554116959950439E-002
   18.820999999999998       0.85448953224375246        1.3933285441216768E-002
   19.721999999999998       0.83617804934434103        1.3638700638480652E-002
   20.622999999999998       0.80681863299302514        1.3321635970457796E-002
   21.523999999999997       0.77669985784164086        1.2746855793460235E-002
   22.424999999999997       0.74250511491661886        1.2790466151260414E-002
   23.325999999999997       0.73491822700091025        1.2346638315401602E-002
   24.226999999999997       0.69864485078882033        1.1880843714443161E-002
   25.127999999999997       0.67760716979295954        1.2199837371787047E-002
   26.028999999999996       0.68499959412682299        1.2801446655768670E-002
   26.929999999999996       0.61271323096744523        1.1002986404856932E-002
   27.830999999999996       0.60841835179925896        1.0623731397049448E-002
   28.731999999999996       0.59959023169969272        1.0291469352534050E-002
   29.632999999999996       0.59320006648426560        1.0098541450399966E-002
   30.533999999999995       0.58155259611689913        1.0121131568575545E-002
   31.434999999999999       0.55583503656410915        9.7097194976783312E-003
   32.335999999999999       0.54366901214312680        9.6191086785057042E-003
   33.237000000000002       0.54419756019755305        9.4772008395952907E-003
   34.138000000000005       0.52619667841389406        9.5191067444152927E-003
   35.039000000000009       0.51520358075631179        9.0182437024501644E-003
   35.940000000000012       0.50056932242238572        8.9454332147805796E-003
   36.841000000000015       0.49340951125871030        8.5904938697933253E-003
   37.742000000000019       0.49935064653331468        1.1536855882749541E-002
   38.643000000000022       0.47295672559293001        8.4747894737573180E-003
   39.544000000000025       0.47672496639391282        8.1729427895906245E-003
   40.445000000000029       0.46882985048348236        8.0459570388366590E-003
   41.346000000000032       0.46369289845384287        7.9483054592727927E-003
   42.247000000000035       0.44819397881648698        7.8292661532732028E-003
   43.148000000000039       0.44771062180467547        7.6461710559373713E-003
   44.049000000000042       0.43380100904578822        7.4399920497345015E-003
   44.950000000000045       0.43234105810438611        7.3376503902169380E-003
   45.851000000000049       0.42573792859518444        7.3067488507609704E-003
   46.752000000000052       0.41244403442915528        7.0589668846495314E-003
   47.653000000000056       0.42012004457962865        7.3079378650124623E-003
   48.554000000000059       0.40406468811851304        6.8111218309192794E-003
   49.455000000000062       0.41307898952908018        6.9847302377363989E-003
   50.356000000000066       0.39249201658259336        6.5310874504104759E-003
   51.257000000000069       0.39032057063300540        6.5203278771360507E-003
   52.158000000000072       0.38770462849337489        6.5600666451381814E-003
   53.059000000000076       0.37989647450589892        6.4059779127011258E-003
   53.960000000000079       0.37816329561258022        6.3371214844141072E-003
   54.861000000000082       0.38714688045736600        6.3661384099610802E-003
   55.762000000000086       0.37723471080306464        6.2635204171810560E-003
   56.663000000000089       0.38164151585886497        6.2650311952797966E-003
   57.564000000000092       0.37123112084364113        6.1171800200243865E-003
   58.465000000000096       0.36853308845662469        6.0096790356460213E-003
   59.366000000000099       0.37152847564600278        6.0691724611628009E-003
   60.267000000000102       0.35945527188364440        5.8764191153294785E-003
   61.168000000000106       0.35817734471091878        5.7502643792664964E-003
   62.069000000000109       0.36603834880986469        5.8568155670746082E-003
   62.970000000000113       0.36301881548569659        5.7685448985872034E-003
   63.871000000000116       0.36202390170972271        5.7564120842866478E-003
   64.772000000000119       0.36089095726235154        5.8344879779331661E-003
   65.673000000000116       0.34860523507979430        5.6269286900909425E-003
   66.574000000000112       0.35288463822467547        5.6471950502057621E-003
   67.475000000000108       0.35255767567880286        5.5194842554889319E-003
   68.376000000000104       0.36308143497933326        6.9465353045110997E-003
   69.277000000000100       0.35069695648279248        5.5003052846323590E-003
   70.178000000000097       0.34791093941966683        5.4445822198390271E-003
   71.079000000000093       0.33210650711595752        5.2115729162325137E-003
   71.980000000000089       0.33757763009879788        5.2707263005858070E-003
   72.881000000000085       0.34111098445831639        5.3063514961918879E-003
   73.782000000000082       0.33848815149887596        5.2240782100051713E-003
   74.683000000000078       0.33615719496595914        5.1850632735335094E-003
   75.584000000000074       0.33754480710622176        5.2521963466385588E-003
   76.485000000000070       0.33998198887666015        5.3022866051316408E-003
   77.386000000000067       0.33895145841564628        5.3524271038235529E-003
   78.287000000000063       0.34942282819008830        5.3390722948726170E-003
   79.188000000000059       0.33801445542723374        5.3618081753074899E-003
   80.089000000000055       0.33942567424875170        5.2574368703755198E-003
   80.990000000000052       0.33423519833136806        5.0876078628962779E-003
   81.891000000000048       0.33118726299801199        5.0278282046730977E-003
   82.792000000000044       0.32697707205805165        5.0302433876423134E-003
   83.693000000000040       0.32678878144311474        5.0312808702644473E-003
   84.594000000000037       0.33495785613813595        5.0957846268993301E-003
   85.495000000000033       0.33570557133044099        5.1078673551235064E-003
   86.396000000000029       0.34404818041834273        5.3267843355565411E-003
   87.297000000000025       0.33507569392590170        5.0872463101235528E-003
   88.198000000000022       0.32898359490082990        5.0262692988271981E-003
   89.099000000000018       0.33515558178456750        5.0559340021500915E-003
   90.000000000000014       0.32513851721003811        4.9498019981947102E-003
   90.901000000000010       0.33306891191641752        5.0618275978850510E-003
   91.802000000000007       0.32821500207112153        5.0167325908439747E-003
   92.703000000000003       0.32339076745316619        5.0324892816544769E-003
   93.603999999999999       0.32880575033452997        5.0152866868081562E-003
   94.504999999999995       0.33390242868843600        5.0643217007368497E-003
   95.405999999999992       0.33281929721205994        5.0851607659541127E-003
   96.306999999999988       0.34134741068099289        5.2424591266771363E-003
   97.207999999999984       0.34643515820114301        5.2459522825343136E-003
   98.108999999999980       0.33472704558343502        5.0837936834823311E-003
   99.009999999999977       0.33629195603500178        5.1122472866373687E-003
   99.910999999999973       0.33760843782346522        5.3260005597956118E-003
   100.81199999999997       0.33108963356388299        5.0516508421239569E-003
   101.71299999999997       0.33655813940928392        5.1940859362475493E-003
   102.61399999999996       0.34414919126914906        5.3250685103777605E-003
   103.51499999999996       0.33615785185103125        5.1520691988346055E-003
   104.41599999999995       0.34441327202728178        5.3097988299138296E-003
   105.31699999999995       0.34194233927672213        5.3288098074384758E-003
   106.21799999999995       0.34536006979560524        5.3819367885702451E-003
   107.11899999999994       0.34964810685108683        5.4351311255069513E-003
   108.01999999999994       0.34353776094143096        5.4375709346318971E-003
   108.92099999999994       0.34450180056711355        5.3158912453827442E-003
   109.82199999999993       0.35851100590441776        5.5449518125774682E-003
   110.72299999999993       0.34191390096055363        5.4335683949362987E-003
   111.62399999999992       0.35689210048324055        5.5915325077183064E-003
   112.52499999999992       0.35099674127171671        5.6435731920673844E-003
   113.42599999999992       0.35524067482822436        5.6242745577123002E-003
   114.32699999999991       0.34727560212164132        5.6606433356567376E-003
   115.22799999999991       0.35978223850871094        5.7330257667330877E-003
   116.12899999999991       0.35153713024126637        5.7704385115793285E-003
   117.02999999999990       0.34998249927906450        5.6584223954637683E-003
   117.93099999999990       0.36771508848103285        5.8403945913486728E-003
   118.83199999999989       0.36629397957577303        5.8622986411044058E-003
   119.73299999999989       0.37070246341331758        5.9670878262975263E-003
   120.63399999999989       0.37030184153325113        6.0221765159062801E-003
   121.53499999999988       0.38164370742464715        6.2179884574401871E-003
   122.43599999999988       0.37389585953358517        6.1461186235296566E-003
   123.33699999999988       0.39228265090889108        6.5070376463759998E-003
   124.23799999999987       0.38517020977172978        6.3685095320161079E-003
   125.13899999999987       0.37696441066836162        6.2794087184169841E-003
   126.03999999999986       0.38986699245938561        6.5372919979578351E-003
   126.94099999999986       0.39174752865142709        6.5031803970678507E-003
   127.84199999999986       0.39045376395181303        6.6057931025059772E-003
   128.74299999999985       0.41836789758793508        6.8936457918508430E-003
   129.64399999999986       0.40941271398327106        6.8903318476236158E-003
   130.54499999999987       0.41678533446310956        7.0244362989718995E-003
   131.44599999999988       0.41729548946974443        7.0531907175808792E-003
   132.34699999999989       0.41382724802711868        7.1426734429066926E-003
   133.24799999999991       0.40837781126664330        7.0678772346688575E-003
   134.14899999999992       0.44055672641070515        8.2937208132150813E-003
   135.04999999999993       0.44125264360473770        7.5783770349694803E-003
   135.95099999999994       0.43026942530249845        7.5488265025557685E-003
   136.85199999999995       0.44440466056746658        7.5939668071060258E-003
   137.75299999999996       0.43962752053516130        7.6626904640819306E-003
   138.65399999999997       0.47743799171639978        8.3377871491913443E-003
   139.55499999999998       0.47063071582638116        8.1503448101751426E-003
   140.45599999999999       0.48257663676265244        8.4381272430786910E-003
   141.35700000000000       0.48992646245763782        8.3333267409265374E-003
   142.25800000000001       0.49308127058261253        8.5868579608219895E-003
   143.15900000000002       0.50812638306645641        8.8474487618865390E-003
   144.06000000000003       0.49250368143911250        8.6658757310313275E-003
   144.96100000000004       0.53368497721235519        9.3711594637041415E-003
   145.86200000000005       0.53185045038257439        9.1996607475914056E-003
   146.76300000000006       0.55377482169039127        9.6091581663394782E-003
   147.66400000000007       0.55529584281735278        1.0142369095127899E-002
   148.56500000000008       0.57836221418717504        1.0127481316308844E-002
   149.46600000000009       0.58536592860291736        1.0236678433475923E-002
   150.36700000000010       0.60927666869467478        1.0877312532739632E-002
   151.26800000000011       0.62134621835115000        1.2704553601035907E-002
   152.16900000000012       0.63265061309969006        1.1341144647249630E-002
   153.07000000000014       0.66406197965705593        1.1214338470651050E-002
   153.97100000000015       0.67581557955136784        1.1513049430931071E-002
   154.87200000000016       0.69806027847808583        1.1766755107786802E-002
   155.77300000000017       0.72248805343875255        1.1883782565891236E-002
   156.67400000000018       0.74418021395414069        1.2249948089567472E-002
   157.57500000000019       0.76255679710286439        1.2707061536698866E-002
   158.47600000000020       0.80404072000006577        1.3535214007730469E-002
   159.37700000000021       0.83953589566820686        1.3612466523852331E-002
   160.27800000000022       0.85523103793357713        1.3730352263857890E-002
   161.17900000000023       0.92361497588846786        1.4507123934388702E-002
   162.08000000000024       0.98050543384516853        1.4981721125551560E-002
   162.98100000000025        1.0217962622608865        1.6390802449753245E-002
   163.88200000000026        1.0398921579115596        1.5531512539243095E-002
   164.78300000000027        1.1037199236599613        1.6290370702440150E-002
   165.68400000000028        1.1910593715280551        1.7583191634892251E-002
   166.58500000000029        1.2839629024537007        1.8008047350588228E-002
   167.48600000000030        1.3880589217715007        1.8563689443591037E-002
   168.38700000000031        1.4835163793173116        1.9573388000105153E-002
   169.28800000000032        1.6184076634176905        2.4473211240325414E-002
   170.18900000000033        1.7762805714008738        2.1323742247284991E-002
   171.09000000000034        1.8802495369064693        2.1850906896658619E-002
   171.99100000000035        2.1431264783697390        2.4281700309724326E-002
   172.89200000000037        2.4905948379201792        2.6563223903153840E-002
   173.79300000000038        2.7989742958219317        2.7036885526037592E-002
   174.69400000000039        3.3551885148707807        2.9561722786984285E-002
   175.59500000000040        4.1302067617983278        3.3630446804776892E-002
   176.49600000000041        5.2575731366455694        3.8985369843274387E-002
   177.39700000000042        7.4398967231741535        4.5744647330819121E-002
   178.29800000000043        12.313137881462193        5.7827560984345466E-002
   179.19900000000044        13.307184528089339        5.0932272214224777E-002
