 -0.50000000000000000        0.0000000000000000        0.0000000000000000     
  0.40500000000000003        0.0000000000000000        0.0000000000000000     
   1.3099999999999998        0.0000000000000000        0.0000000000000000     
   2.2149999999999999        0.0000000000000000        0.0000000000000000     
   3.1200000000000001        0.0000000000000000        0.0000000000000000     
   4.0250000000000004        0.0000000000000000        0.0000000000000000     
   4.9300000000000006        0.0000000000000000        0.0000000000000000     
   5.8350000000000009        0.0000000000000000        0.0000000000000000     
   6.7400000000000011        0.0000000000000000        0.0000000000000000     
   7.6450000000000005        0.0000000000000000        0.0000000000000000     
   8.5500000000000007        0.0000000000000000        0.0000000000000000     
   9.4550000000000001        2.4523885975276102E-007   2.4523875175444077E-007
   10.359999999999999        0.0000000000000000        0.0000000000000000     
   11.264999999999999        0.0000000000000000        0.0000000000000000     
   12.169999999999998        0.0000000000000000        0.0000000000000000     
   13.074999999999998        6.8383473498934054E-007   6.7923769766940828E-007
   13.979999999999997        0.0000000000000000        0.0000000000000000     
   14.884999999999996        0.0000000000000000        0.0000000000000000     
   15.789999999999997        1.8308177070901925E-005   1.3909998773045339E-005
   16.694999999999997        0.0000000000000000        0.0000000000000000     
   17.599999999999998        0.0000000000000000        0.0000000000000000     
   18.504999999999999        0.0000000000000000        0.0000000000000000     
   19.410000000000000        0.0000000000000000        0.0000000000000000     
   20.315000000000001        0.0000000000000000        0.0000000000000000     
   21.220000000000002        0.0000000000000000        0.0000000000000000     
   22.125000000000004        0.0000000000000000        0.0000000000000000     
   23.030000000000005        3.0788726223074844E-005   3.0788723534670271E-005
   23.935000000000006        8.9843352098054299E-006   8.9843336399220227E-006
   24.840000000000007        0.0000000000000000        0.0000000000000000     
   25.745000000000008        0.0000000000000000        0.0000000000000000     
   26.650000000000009        0.0000000000000000        0.0000000000000000     
   27.555000000000010        0.0000000000000000        0.0000000000000000     
   28.460000000000012        1.7980112122820554E-005   1.7980109708305876E-005
   29.365000000000013        2.8009383811389324E-006   2.7603344519272527E-006
   30.270000000000014        0.0000000000000000        0.0000000000000000     
   31.175000000000011        8.6848728506121170E-008   8.6848723447090062E-008
   32.080000000000013        2.5007284876444816E-007   2.5007283597716164E-007
   32.985000000000014        1.7326386424117374E-004   1.7326381200693638E-004
   33.890000000000015        1.7676441188978063E-004   1.7676440052741328E-004
   34.795000000000016        2.7498080121155004E-004   2.7260169135092814E-004
   35.700000000000017        6.0332902609301486E-007   6.0332898070963912E-007
   36.605000000000018        0.0000000000000000        0.0000000000000000     
   37.510000000000019        9.9379041689052199E-006   9.9379033790582943E-006
   38.415000000000020        0.0000000000000000        0.0000000000000000     
   39.320000000000022        0.0000000000000000        0.0000000000000000     
   40.225000000000023        0.0000000000000000        0.0000000000000000     
   41.130000000000024        0.0000000000000000        0.0000000000000000     
   42.035000000000025        0.0000000000000000        0.0000000000000000     
   42.940000000000026        2.4358121702461701E-006   2.4358117580785773E-006
   43.845000000000027        0.0000000000000000        0.0000000000000000     
   44.750000000000028        0.0000000000000000        0.0000000000000000     
   45.655000000000030        1.0206499188382756E-004   1.0206498644385148E-004
   46.560000000000031        0.0000000000000000        0.0000000000000000     
   47.465000000000032        1.6389773037780482E-009   1.6389772125803476E-009
   48.370000000000033        2.3558246967850076E-004   2.3558243712143307E-004
   49.275000000000034        4.7352546086770443E-006   4.1477273853158050E-006
   50.180000000000035        1.1868922496407200E-005   1.1868916762726548E-005
   51.085000000000036        1.2105924037765419E-005   1.2105918539100448E-005
   51.990000000000038        2.4115118022011921E-005   2.4115114880196212E-005
   52.895000000000039        0.0000000000000000        0.0000000000000000     
   53.800000000000040        3.7075017596019481E-004   2.8744856376230527E-004
   54.705000000000041        0.0000000000000000        0.0000000000000000     
   55.610000000000042        1.3193058392633845E-004   1.3193057494241488E-004
   56.515000000000043        0.0000000000000000        0.0000000000000000     
   57.420000000000044        3.3471222590798710E-006   3.2905723712325437E-006
   58.325000000000045        2.2478991778052360E-004   1.5956557589876874E-004
   59.230000000000047        6.8515959195468417E-008   6.8515946157543224E-008
   60.135000000000048        2.0865377821957310E-006   2.0865376076596909E-006
   61.040000000000049        1.2840544411241901E-004   1.2781369562168615E-004
   61.945000000000050        0.0000000000000000        0.0000000000000000     
   62.850000000000051        0.0000000000000000        0.0000000000000000     
   63.755000000000052        5.7969893098833008E-007   5.7613255067049317E-007
   64.660000000000053        1.5428664665690453E-003   1.5428662858973903E-003
   65.565000000000055        4.0624494860532466E-006   2.9625054483862367E-006
   66.470000000000056        0.0000000000000000        0.0000000000000000     
   67.375000000000057        3.1246615562815762E-004   2.6131492150462837E-004
   68.280000000000058        3.3750998347373176E-004   2.3931688184646212E-004
   69.185000000000059        1.8865842438692336E-004   1.8865840304958920E-004
   70.090000000000060        0.0000000000000000        0.0000000000000000     
   70.995000000000061        2.5437232273194544E-004   1.8073225404846522E-004
   71.900000000000063        0.0000000000000000        0.0000000000000000     
   72.805000000000064        2.5782208251166991E-004   1.8232395277375664E-004
   73.710000000000065        5.4765224591171813E-005   3.8832446568607556E-005
   74.615000000000066        0.0000000000000000        0.0000000000000000     
   75.520000000000067        2.2549203253461426E-004   2.2549197451879395E-004
   76.425000000000068        5.6840792156897225E-005   4.8483551922528584E-005
   77.330000000000069        1.1346454200682489E-004   8.0483252559290371E-005
   78.235000000000070        0.0000000000000000        0.0000000000000000     
   79.140000000000072        3.1919690072600582E-003   3.1919588289659687E-003
   80.045000000000073        9.8854870435634810E-005   6.9907188277977485E-005
   80.950000000000074        1.2552995624788340E-006   1.2552988910590278E-006
   81.855000000000075        8.7102763405187830E-004   7.4184349630794001E-004
   82.760000000000076        1.3672824959407606E-004   8.0154573883074490E-005
   83.665000000000077        1.9630563944469433E-003   1.9630549827119046E-003
   84.570000000000078        2.5892663748174359E-004   1.5778453497188545E-004
   85.475000000000080        3.2010998248245071E-004   2.2646018605892586E-004
   86.380000000000081        7.7685452089078968E-005   7.1769056964961851E-005
   87.285000000000082        1.1209681939989623E-004   7.9378160824784247E-005
   88.190000000000083        8.3271818536335211E-005   6.7862864842366919E-005
   89.095000000000084        1.6879071703910191E-004   1.0735472531287132E-004
   90.000000000000085        1.1047799417137254E-004   5.4988790103868171E-005
   90.905000000000086        4.9527145668315108E-004   2.0847325207325933E-004
   91.810000000000088        5.3902845916948541E-004   2.0892283969754159E-004
   92.715000000000089        5.2753930513191739E-004   1.8952058159891344E-004
   93.620000000000090        2.7237227297941490E-004   1.0916401144427406E-004
   94.525000000000091        8.7082696843774379E-005   3.6305341170302911E-005
   95.430000000000092        2.6660734699626162E-004   1.2671739286864599E-004
   96.335000000000093        2.4141426129167364E-004   1.1070109770933605E-004
   97.240000000000094        1.8662403734864049E-004   7.8469575485580004E-005
   98.145000000000095        3.0360607137625212E-004   1.0186508744022832E-004
   99.050000000000097        2.1791576991280357E-004   9.9272749424379088E-005
   99.955000000000098        2.8025011007634806E-004   1.4426112395187559E-004
   100.86000000000010        3.0934095905331958E-004   1.1401141605719213E-004
   101.76500000000010        1.7477392093863739E-004   5.5102070949202678E-005
   102.67000000000010        4.6694675492879535E-004   2.0798504980838983E-004
   103.57500000000010        3.2542633269284915E-004   9.0724246252631466E-005
   104.48000000000010        4.0096897427933031E-004   1.3451689472591589E-004
   105.38500000000010        4.3962620960029191E-004   1.5787187465339132E-004
   106.29000000000011        5.0560232762103302E-004   1.6068276332451698E-004
   107.19500000000011        2.0723796020329235E-004   7.3054327976779763E-005
   108.10000000000011        4.0653400572133818E-004   1.1995448131943885E-004
   109.00500000000011        3.3654001779793741E-004   1.4952525178645498E-004
   109.91000000000011        4.7773415103221739E-004   1.4861046728338861E-004
   110.81500000000011        3.7256446662853728E-004   1.0114357524543289E-004
   111.72000000000011        7.9254609547145017E-004   2.1058891427033869E-004
   112.62500000000011        5.3553889782660571E-004   2.0602731251601471E-004
   113.53000000000011        6.4722535361762365E-004   1.6281396933609006E-004
   114.43500000000012        4.4661197636290060E-004   1.1176855929710256E-004
   115.34000000000012        9.3524134693753313E-004   2.1781117301219283E-004
   116.24500000000012        1.2570851916477435E-003   3.1885921594766964E-004
   117.15000000000012        1.4611724055019469E-003   3.3518440332739533E-004
   118.05500000000012        7.0893307064487029E-004   1.4610859586496432E-004
   118.96000000000012        1.0550561267989103E-003   2.4259157883785044E-004
   119.86500000000012        9.9705730278896033E-004   2.3984017168857488E-004
   120.77000000000012        1.2043007122916015E-003   2.8564046383813054E-004
   121.67500000000013        7.2962077253521922E-004   1.5186084727537150E-004
   122.58000000000013        1.2416624079393801E-003   2.7555080640424677E-004
   123.48500000000013        1.0808340606469128E-003   2.0860047027937808E-004
   124.39000000000013        1.3289862610882332E-003   2.6211923284103882E-004
   125.29500000000013        1.8848937332583532E-003   3.4129595024809606E-004
   126.20000000000013        1.8650711820003992E-003   2.9676589898285316E-004
   127.10500000000013        1.3125979130671154E-003   3.0395514494921378E-004
   128.01000000000013        1.6974227086804176E-003   2.9430005862240061E-004
   128.91500000000013        1.8237203090219099E-003   3.2251680522571631E-004
   129.82000000000014        2.2219822119537770E-003   3.7607675490680843E-004
   130.72500000000014        2.1467717264927180E-003   3.0262317763266088E-004
   131.63000000000014        1.8941976471979626E-003   3.0449589079112576E-004
   132.53500000000014        2.7398855675106700E-003   3.9616395486755210E-004
   133.44000000000014        3.4647882560854119E-003   4.9917319968884695E-004
   134.34500000000014        3.1216682666626938E-003   3.9114213163414128E-004
   135.25000000000014        3.1894708753718972E-003   4.0623108964375586E-004
   136.15500000000014        3.5570484188608619E-003   4.2036492868297720E-004
   137.06000000000014        3.4709767608334164E-003   3.8335749992287927E-004
   137.96500000000015        3.2441324132959047E-003   3.7786537319995668E-004
   138.87000000000015        4.5931798963785271E-003   5.3359073868492239E-004
   139.77500000000015        3.9722094360335053E-003   4.3274146491234028E-004
   140.68000000000015        5.3111768670220496E-003   5.3101363213607980E-004
   141.58500000000015        5.5913740837560521E-003   6.1107315951597287E-004
   142.49000000000015        6.4613617360008476E-003   6.2028070545300002E-004
   143.39500000000015        7.6720680595904539E-003   6.9051314391271803E-004
   144.30000000000015        6.5809332954014088E-003   6.0471141058584133E-004
   145.20500000000015        8.0708881991093020E-003   7.0728443870836833E-004
   146.11000000000016        1.0286515353756269E-002   1.0076553429798915E-003
   147.01500000000016        9.9591322474876145E-003   8.2679422181141000E-004
   147.92000000000016        1.0729670667908392E-002   7.8594312410334261E-004
   148.82500000000016        1.3483468369006752E-002   1.0210921176949676E-003
   149.73000000000016        1.3336752397800482E-002   9.9344663271295716E-004
   150.63500000000016        1.5542722086973515E-002   1.0444652434644242E-003
   151.54000000000016        1.7793973249329614E-002   1.1127841268192625E-003
   152.44500000000016        2.0073073716173884E-002   1.1784768951822410E-003
   153.35000000000016        2.1171137906513111E-002   1.2687599662123993E-003
   154.25500000000017        2.8284169170261823E-002   1.5981007661344186E-003
   155.16000000000017        2.7011645643139418E-002   1.4631351109568307E-003
   156.06500000000017        3.0370634848560916E-002   1.4350715104151381E-003
   156.97000000000017        3.5896700542794126E-002   1.5758243172200503E-003
   157.87500000000017        3.9673388027237189E-002   1.6356671576313151E-003
   158.78000000000017        4.5646673345672829E-002   1.8434272583857903E-003
   159.68500000000017        5.5328032612915488E-002   1.9898744211525525E-003
   160.59000000000017        6.0954326006407739E-002   2.0453371316812002E-003
   161.49500000000018        7.5191642740095641E-002   2.4620958629189408E-003
   162.40000000000018        9.0690692156836117E-002   2.8300067919138556E-003
   163.30500000000018       0.10292863030203286        2.9265135013943587E-003
   164.21000000000018       0.12594468961150410        3.1505241449037722E-003
   165.11500000000018       0.16356084683097949        4.8356922205098187E-003
   166.02000000000018       0.20089658838692970        4.2772192917552672E-003
   166.92500000000018       0.25399773980407292        4.9937624409322869E-003
   167.83000000000018       0.35344768571933605        6.5761108805209804E-003
   168.73500000000018       0.50953993218575477        7.7252845727104830E-003
   169.64000000000019        1.8885492028150652        1.9067615285663576E-002
   170.54500000000019        2.8914416850544913        2.4064347016284755E-002
   171.45000000000019        3.3336533208168206        2.6050293908617756E-002
   172.35500000000019        3.9569433960635649        2.8493293218962479E-002
   173.26000000000019        4.7246855250101163        3.3030425247379272E-002
   174.16500000000019        5.8440168526318841        3.5817074741893308E-002
   175.07000000000019        7.3656008559446899        3.9826757473619731E-002
   175.97500000000019        9.6144932127180933        4.4974974068324791E-002
   176.88000000000019        13.562553310181539        5.4003126661411299E-002
   177.78500000000020        21.593233590251319        6.8039469369303274E-002
   178.69000000000020        49.108132771139331       0.10424480523700773     
   179.59500000000020        806.46776536585935       0.17843554510654944     
