  -1.0000000000000000E-002   0.0000000000000000        0.0000000000000000     
  -9.3250000000000000E-003   0.0000000000000000        0.0000000000000000     
  -8.6499999999999997E-003   0.0000000000000000        0.0000000000000000     
  -7.9749999999999995E-003   0.0000000000000000        0.0000000000000000     
  -7.2999999999999992E-003   0.0000000000000000        0.0000000000000000     
  -6.6249999999999989E-003   0.0000000000000000        0.0000000000000000     
  -5.9499999999999987E-003   0.0000000000000000        0.0000000000000000     
  -5.2749999999999984E-003   0.0000000000000000        0.0000000000000000     
  -4.5999999999999982E-003   0.0000000000000000        0.0000000000000000     
  -3.9249999999999979E-003   0.0000000000000000        0.0000000000000000     
  -3.2499999999999977E-003   0.0000000000000000        0.0000000000000000     
  -2.5749999999999974E-003   0.0000000000000000        0.0000000000000000     
  -1.8999999999999974E-003   0.0000000000000000        0.0000000000000000     
  -1.2249999999999974E-003   0.0000000000000000        0.0000000000000000     
  -5.4999999999999732E-004   0.0000000000000000        0.0000000000000000     
   1.2500000000000271E-004   0.0000000000000000        0.0000000000000000     
   8.0000000000000275E-004   0.0000000000000000        0.0000000000000000     
   1.4750000000000026E-003   0.0000000000000000        0.0000000000000000     
   2.1500000000000026E-003   0.0000000000000000        0.0000000000000000     
   2.8250000000000029E-003   0.0000000000000000        0.0000000000000000     
   3.5000000000000031E-003   0.0000000000000000        0.0000000000000000     
   4.1750000000000034E-003   0.0000000000000000        0.0000000000000000     
   4.8500000000000036E-003   0.0000000000000000        0.0000000000000000     
   5.5250000000000039E-003   0.0000000000000000        0.0000000000000000     
   6.2000000000000041E-003   0.0000000000000000        0.0000000000000000     
   6.8750000000000044E-003   0.0000000000000000        0.0000000000000000     
   7.5500000000000046E-003   0.0000000000000000        0.0000000000000000     
   8.2250000000000049E-003   0.0000000000000000        0.0000000000000000     
   8.9000000000000051E-003   0.0000000000000000        0.0000000000000000     
   9.5750000000000054E-003   0.0000000000000000        0.0000000000000000     
   1.0250000000000006E-002   0.0000000000000000        0.0000000000000000     
   1.0925000000000006E-002   0.0000000000000000        0.0000000000000000     
   1.1600000000000006E-002   0.0000000000000000        0.0000000000000000     
   1.2275000000000006E-002   0.0000000000000000        0.0000000000000000     
   1.2950000000000007E-002   0.0000000000000000        0.0000000000000000     
   1.3625000000000007E-002   0.0000000000000000        0.0000000000000000     
   1.4300000000000007E-002   0.0000000000000000        0.0000000000000000     
   1.4975000000000007E-002   0.0000000000000000        0.0000000000000000     
   1.5650000000000008E-002   0.0000000000000000        0.0000000000000000     
   1.6325000000000006E-002   0.0000000000000000        0.0000000000000000     
   1.7000000000000005E-002   0.0000000000000000        0.0000000000000000     
   1.7675000000000003E-002   0.0000000000000000        0.0000000000000000     
   1.8350000000000002E-002   0.0000000000000000        0.0000000000000000     
   1.9025000000000000E-002   0.0000000000000000        0.0000000000000000     
   1.9699999999999999E-002   0.0000000000000000        0.0000000000000000     
   2.0374999999999997E-002   0.0000000000000000        0.0000000000000000     
   2.1049999999999996E-002   0.0000000000000000        0.0000000000000000     
   2.1724999999999994E-002   0.0000000000000000        0.0000000000000000     
   2.2399999999999993E-002   0.0000000000000000        0.0000000000000000     
   2.3074999999999991E-002   0.0000000000000000        0.0000000000000000     
   2.3749999999999990E-002   0.0000000000000000        0.0000000000000000     
   2.4424999999999988E-002   0.0000000000000000        0.0000000000000000     
   2.5099999999999987E-002   0.0000000000000000        0.0000000000000000     
   2.5774999999999985E-002   0.0000000000000000        0.0000000000000000     
   2.6449999999999984E-002   0.0000000000000000        0.0000000000000000     
   2.7124999999999982E-002   0.0000000000000000        0.0000000000000000     
   2.7799999999999981E-002   0.0000000000000000        0.0000000000000000     
   2.8474999999999979E-002   0.0000000000000000        0.0000000000000000     
   2.9149999999999978E-002   0.0000000000000000        0.0000000000000000     
   2.9824999999999977E-002   0.0000000000000000        0.0000000000000000     
   3.0499999999999975E-002   0.0000000000000000        0.0000000000000000     
   3.1174999999999977E-002   0.0000000000000000        0.0000000000000000     
   3.1849999999999976E-002   0.0000000000000000        0.0000000000000000     
   3.2524999999999978E-002   0.0000000000000000        0.0000000000000000     
   3.3199999999999980E-002   0.0000000000000000        0.0000000000000000     
   3.3874999999999982E-002   0.0000000000000000        0.0000000000000000     
   3.4549999999999984E-002   0.0000000000000000        0.0000000000000000     
   3.5224999999999985E-002   0.0000000000000000        0.0000000000000000     
   3.5899999999999987E-002   0.0000000000000000        0.0000000000000000     
   3.6574999999999989E-002   0.0000000000000000        0.0000000000000000     
   3.7249999999999991E-002   0.0000000000000000        0.0000000000000000     
   3.7924999999999993E-002   0.0000000000000000        0.0000000000000000     
   3.8599999999999995E-002   0.0000000000000000        0.0000000000000000     
   3.9274999999999997E-002   0.0000000000000000        0.0000000000000000     
   3.9949999999999999E-002   0.0000000000000000        0.0000000000000000     
   4.0625000000000001E-002   0.0000000000000000        0.0000000000000000     
   4.1300000000000003E-002   0.0000000000000000        0.0000000000000000     
   4.1975000000000005E-002   0.0000000000000000        0.0000000000000000     
   4.2650000000000007E-002   0.0000000000000000        0.0000000000000000     
   4.3325000000000009E-002   0.0000000000000000        0.0000000000000000     
   4.4000000000000011E-002   0.0000000000000000        0.0000000000000000     
   4.4675000000000013E-002   0.0000000000000000        0.0000000000000000     
   4.5350000000000015E-002   0.0000000000000000        0.0000000000000000     
   4.6025000000000017E-002   0.0000000000000000        0.0000000000000000     
   4.6700000000000019E-002   0.0000000000000000        0.0000000000000000     
   4.7375000000000021E-002   0.0000000000000000        0.0000000000000000     
   4.8050000000000023E-002   0.0000000000000000        0.0000000000000000     
   4.8725000000000025E-002   0.0000000000000000        0.0000000000000000     
   4.9400000000000027E-002   0.0000000000000000        0.0000000000000000     
   5.0075000000000029E-002   0.0000000000000000        0.0000000000000000     
   5.0750000000000031E-002   0.0000000000000000        0.0000000000000000     
   5.1425000000000033E-002   0.0000000000000000        0.0000000000000000     
   5.2100000000000035E-002   0.0000000000000000        0.0000000000000000     
   5.2775000000000037E-002   0.0000000000000000        0.0000000000000000     
   5.3450000000000039E-002   0.0000000000000000        0.0000000000000000     
   5.4125000000000041E-002   0.0000000000000000        0.0000000000000000     
   5.4800000000000043E-002   0.0000000000000000        0.0000000000000000     
   5.5475000000000045E-002   0.0000000000000000        0.0000000000000000     
   5.6150000000000047E-002   0.0000000000000000        0.0000000000000000     
   5.6825000000000049E-002   0.0000000000000000        0.0000000000000000     
   5.7500000000000051E-002   0.0000000000000000        0.0000000000000000     
   5.8175000000000053E-002   0.0000000000000000        0.0000000000000000     
   5.8850000000000055E-002   0.0000000000000000        0.0000000000000000     
   5.9525000000000057E-002   0.0000000000000000        0.0000000000000000     
   6.0200000000000059E-002   0.0000000000000000        0.0000000000000000     
   6.0875000000000061E-002   0.0000000000000000        0.0000000000000000     
   6.1550000000000063E-002   0.0000000000000000        0.0000000000000000     
   6.2225000000000065E-002   0.0000000000000000        0.0000000000000000     
   6.2900000000000067E-002   0.0000000000000000        0.0000000000000000     
   6.3575000000000062E-002   0.0000000000000000        0.0000000000000000     
   6.4250000000000057E-002   0.0000000000000000        0.0000000000000000     
   6.4925000000000052E-002   0.0000000000000000        0.0000000000000000     
   6.5600000000000047E-002   0.0000000000000000        0.0000000000000000     
   6.6275000000000042E-002   0.0000000000000000        0.0000000000000000     
   6.6950000000000037E-002   0.0000000000000000        0.0000000000000000     
   6.7625000000000032E-002   0.0000000000000000        0.0000000000000000     
   6.8300000000000027E-002   0.0000000000000000        0.0000000000000000     
   6.8975000000000022E-002   0.0000000000000000        0.0000000000000000     
   6.9650000000000017E-002   0.0000000000000000        0.0000000000000000     
   7.0325000000000013E-002   0.0000000000000000        0.0000000000000000     
   7.1000000000000008E-002   0.0000000000000000        0.0000000000000000     
   7.1675000000000003E-002   0.0000000000000000        0.0000000000000000     
   7.2349999999999998E-002   0.0000000000000000        0.0000000000000000     
   7.3024999999999993E-002   0.0000000000000000        0.0000000000000000     
   7.3699999999999988E-002   0.0000000000000000        0.0000000000000000     
   7.4374999999999983E-002   0.0000000000000000        0.0000000000000000     
   7.5049999999999978E-002   0.0000000000000000        0.0000000000000000     
   7.5724999999999973E-002   0.0000000000000000        0.0000000000000000     
   7.6399999999999968E-002   0.0000000000000000        0.0000000000000000     
   7.7074999999999963E-002   0.0000000000000000        0.0000000000000000     
   7.7749999999999958E-002   0.0000000000000000        0.0000000000000000     
   7.8424999999999953E-002   0.0000000000000000        0.0000000000000000     
   7.9099999999999948E-002   0.0000000000000000        0.0000000000000000     
   7.9774999999999943E-002   0.0000000000000000        0.0000000000000000     
   8.0449999999999938E-002   0.0000000000000000        0.0000000000000000     
   8.1124999999999933E-002   0.0000000000000000        0.0000000000000000     
   8.1799999999999928E-002   0.0000000000000000        0.0000000000000000     
   8.2474999999999923E-002   0.0000000000000000        0.0000000000000000     
   8.3149999999999918E-002   0.0000000000000000        0.0000000000000000     
   8.3824999999999913E-002   0.0000000000000000        0.0000000000000000     
   8.4499999999999909E-002   0.0000000000000000        0.0000000000000000     
   8.5174999999999904E-002   0.0000000000000000        0.0000000000000000     
   8.5849999999999899E-002   0.0000000000000000        0.0000000000000000     
   8.6524999999999894E-002   0.0000000000000000        0.0000000000000000     
   8.7199999999999889E-002   0.0000000000000000        0.0000000000000000     
   8.7874999999999884E-002   0.0000000000000000        0.0000000000000000     
   8.8549999999999879E-002   0.0000000000000000        0.0000000000000000     
   8.9224999999999874E-002   0.0000000000000000        0.0000000000000000     
   8.9899999999999869E-002   0.0000000000000000        0.0000000000000000     
   9.0574999999999864E-002   0.0000000000000000        0.0000000000000000     
   9.1249999999999859E-002   0.0000000000000000        0.0000000000000000     
   9.1924999999999854E-002   0.0000000000000000        0.0000000000000000     
   9.2599999999999849E-002   0.0000000000000000        0.0000000000000000     
   9.3274999999999844E-002   0.0000000000000000        0.0000000000000000     
   9.3949999999999839E-002   0.0000000000000000        0.0000000000000000     
   9.4624999999999834E-002   0.0000000000000000        0.0000000000000000     
   9.5299999999999829E-002   0.0000000000000000        0.0000000000000000     
   9.5974999999999824E-002   0.0000000000000000        0.0000000000000000     
   9.6649999999999819E-002   0.0000000000000000        0.0000000000000000     
   9.7324999999999814E-002   0.0000000000000000        0.0000000000000000     
   9.7999999999999809E-002   0.0000000000000000        0.0000000000000000     
   9.8674999999999805E-002   0.0000000000000000        0.0000000000000000     
   9.9349999999999800E-002   0.0000000000000000        0.0000000000000000     
  0.10002499999999979        0.0000000000000000        0.0000000000000000     
  0.10069999999999979        0.0000000000000000        0.0000000000000000     
  0.10137499999999978        0.0000000000000000        0.0000000000000000     
  0.10204999999999978        0.0000000000000000        0.0000000000000000     
  0.10272499999999977        0.0000000000000000        0.0000000000000000     
  0.10339999999999977        0.0000000000000000        0.0000000000000000     
  0.10407499999999976        0.0000000000000000        0.0000000000000000     
  0.10474999999999976        0.0000000000000000        0.0000000000000000     
  0.10542499999999976        29.842776039352419        1.8353630638773359     
  0.10609999999999975        124.88649966480527        6.1999114052868727     
  0.10677499999999975        242.85325226082151        6.8136019814832069     
  0.10744999999999974        402.92701976428884        8.6277575924163301     
  0.10812499999999974        714.64032501171550        22.781011159816568     
  0.10879999999999973        1069.3536972889187        16.228762350981057     
  0.10947499999999973        1707.1580965688920        20.820261182950112     
  0.11014999999999972        2840.3280105413351        28.263752984190170     
  0.11082499999999972        4895.6894800095906        39.879881504445123     
  0.11149999999999971        9632.2825109991936        51.953682970911984     
  0.11217499999999971        15330.158999692201        65.969228017362113     
  0.11284999999999970        21702.315919364031        81.765350757267825     
  0.11352499999999970        35900.642241839072        102.64418676077480     
  0.11419999999999969        105487.35298562371        172.88183600539105     
  0.11487499999999969        1050553.9645644831        231.91151394485038     
  0.11554999999999968        0.0000000000000000        0.0000000000000000     
  0.11622499999999968        0.0000000000000000        0.0000000000000000     
  0.11689999999999967        0.0000000000000000        0.0000000000000000     
  0.11757499999999967        0.0000000000000000        0.0000000000000000     
  0.11824999999999966        0.0000000000000000        0.0000000000000000     
  0.11892499999999966        0.0000000000000000        0.0000000000000000     
  0.11959999999999965        0.0000000000000000        0.0000000000000000     
  0.12027499999999965        0.0000000000000000        0.0000000000000000     
  0.12094999999999964        0.0000000000000000        0.0000000000000000     
  0.12162499999999964        0.0000000000000000        0.0000000000000000     
  0.12229999999999963        0.0000000000000000        0.0000000000000000     
  0.12297499999999963        0.0000000000000000        0.0000000000000000     
  0.12364999999999962        0.0000000000000000        0.0000000000000000     
  0.12432499999999962        0.0000000000000000        0.0000000000000000     
