  -9.9999999999999978E-002   4.4122193676372407E-002   2.1947379101400042E-003
  0.80100000000000005       0.15763501586542619        4.0457563521834094E-003
   1.7020000000000000       0.27263342842452798        5.2238494125922911E-003
   2.6029999999999998       0.39200041670343849        6.1953775607186869E-003
   3.5039999999999996       0.52239752434782549        7.0842867386100329E-003
   4.4049999999999994       0.62000049721773254        7.6753444960775390E-003
   5.3059999999999992       0.74935834731076845        8.4077333366684732E-003
   6.2069999999999990       0.86525418297395185        8.9972602372939119E-003
   7.1079999999999988       0.99644668373499423        9.6339904062020219E-003
   8.0089999999999986        1.1123248453133776        1.0145530573313764E-002
   8.9099999999999984        1.2315410982448969        1.0646586669190220E-002
   9.8109999999999982        1.3218532572396624        1.1011461461422610E-002
   10.711999999999998        1.4587288882377460        1.1563315943015143E-002
   11.612999999999998        1.5753846830436697        1.1999902962358292E-002
   12.513999999999998        1.6726091853632934        1.2364539431653892E-002
   13.414999999999997        1.8347106060936980        1.2948997588739958E-002
   14.315999999999997        1.9175167915026998        1.3227724437773761E-002
   15.216999999999999        2.0422730002485028        1.3650714366998658E-002
   16.117999999999999        2.1681584455728644        1.4079711008604424E-002
   17.018999999999998        2.2543995619622015        1.4352771080517138E-002
   17.919999999999998        2.4033488835883250        1.4853359189040892E-002
   18.820999999999998        2.5126885983044223        1.5197979451752422E-002
   19.721999999999998        2.6144913979801463        1.5527105453837906E-002
   20.622999999999998        2.6767001634588921        1.5712163767328324E-002
   21.523999999999997        2.8248514581817261        1.6181013638067787E-002
   22.424999999999997        2.9458273488113424        1.6528556236508549E-002
   23.325999999999997        3.0477707470207189        1.6881181567415488E-002
   24.226999999999997        3.1176200361542392        1.7096483672477261E-002
   25.127999999999997        3.2296048129151904        1.7436222703958462E-002
   26.028999999999996        3.3520121646920198        1.7806647897248864E-002
   26.929999999999996        3.4589408126152965        1.8111586333605236E-002
   27.830999999999996        3.5184121767689258        1.8313673714391708E-002
   28.731999999999996        3.6230404945472112        1.8644405910381932E-002
   29.632999999999996        3.7082002635286626        1.8910172940874707E-002
   30.533999999999995        3.8714175588497262        1.9376402873065399E-002
   31.434999999999999        3.9522333805671788        1.9650016007723377E-002
   32.335999999999999        4.0082390450121315        1.9833115361881259E-002
   33.237000000000002        4.1618730880385595        2.0291695495656369E-002
   34.138000000000005        4.1928730091244297        2.0442987068892110E-002
   35.039000000000009        4.2942648646348776        2.0738230871045361E-002
   35.940000000000012        4.4120888238581291        2.1111609875120285E-002
   36.841000000000015        4.4938484770397258        2.1400757453777945E-002
   37.742000000000019        4.5789741731119653        2.1680324713056042E-002
   38.643000000000022        4.6596211425128695        2.1924770931447592E-002
   39.544000000000025        4.7347088280838472        2.2189296151026414E-002
   40.445000000000029        4.8481169091040881        2.2562132860552652E-002
   41.346000000000032        4.9352126318006198        2.2839387615662184E-002
   42.247000000000035        4.9744248067734356        2.3031318682677035E-002
   43.148000000000039        5.0681050239383287        2.3413957447937898E-002
   44.049000000000042        5.1372988238733290        2.3633274632745494E-002
   44.950000000000045        5.2359915629549620        2.3992135847674557E-002
   45.851000000000049        5.2796942462738690        2.4169059839510461E-002
   46.752000000000052        5.3865219089880885        2.4532559670778720E-002
   47.653000000000056        5.4148587207439931        2.4707226258803502E-002
   48.554000000000059        5.4531481940355508        2.4947817352137178E-002
   49.455000000000062        5.5854466118131239        2.5311932200337135E-002
   50.356000000000066        5.6691464900099051        2.5663377639502660E-002
   51.257000000000069        5.7162877752406613        2.5885006195459508E-002
   52.158000000000072        5.7756872789667222        2.6145166636570967E-002
   53.059000000000076        5.8551439902390117        2.6422459866502452E-002
   53.960000000000079        5.9193411412150745        2.6728547725319934E-002
   54.861000000000082        5.9404849135719413        2.6949566197090123E-002
   55.762000000000086        5.9978140284744335        2.7168877061497686E-002
   56.663000000000089        6.0183717810520800        2.7364073569697216E-002
   57.564000000000092        6.1315674169724881        2.7745174770515128E-002
   58.465000000000096        6.1775577980472862        2.7955702437266933E-002
   59.366000000000099        6.2504463736902185        2.8286387569847679E-002
   60.267000000000102        6.2852456576194911        2.8541739195461449E-002
   61.168000000000106        6.3127845218364591        2.8685680977896425E-002
   62.069000000000109        6.4173565352932922        2.9085038165730780E-002
   62.970000000000113        6.4060740471765314        2.9165009438247704E-002
   63.871000000000116        6.4810057227048743        2.9572818116555488E-002
   64.772000000000119        6.5298849928566272        2.9796636011682934E-002
   65.673000000000116        6.6339641673116692        3.0114725114438336E-002
   66.574000000000112        6.5696053667225929        3.0115064439310970E-002
   67.475000000000108        6.5995597102247689        3.0286309174126780E-002
   68.376000000000104        6.7266144922003317        3.0836940297453163E-002
   69.277000000000100        6.7325209116228999        3.0942743461269399E-002
   70.178000000000097        6.7589561203634938        3.1081138167673560E-002
   71.079000000000093        6.7908138551073858        3.1330177338803153E-002
   71.980000000000089        6.7872886940053823        3.1408097683397945E-002
   72.881000000000085        6.8055722445578475        3.1485332455584644E-002
   73.782000000000082        6.8583517453981724        3.1857268906198132E-002
   74.683000000000078        6.8806105686969348        3.1981616575059296E-002
   75.584000000000074        6.9144381475199870        3.2148201039110154E-002
   76.485000000000070        6.9440890369180259        3.2329232817172364E-002
   77.386000000000067        6.9534736654610292        3.2515982643513630E-002
   78.287000000000063        7.0063091922972571        3.2712877137354546E-002
   79.188000000000059        6.9769747658722929        3.2775118067981911E-002
   80.089000000000055        7.0139622109816457        3.2882192594235388E-002
   80.990000000000052        7.0441533240783585        3.3003234880542687E-002
   81.891000000000048        7.0367260007321910        3.3070762186178361E-002
   82.792000000000044        7.0283556170171391        3.3138191203796200E-002
   83.693000000000040        7.0815293111410185        3.3301200207726346E-002
   84.594000000000037        7.1069832648487568        3.3439303144681375E-002
   85.495000000000033        7.1063364969295630        3.3405184153557019E-002
   86.396000000000029        7.1279416841182774        3.3616321859519946E-002
   87.297000000000025        7.1298212604551239        3.3541974638276816E-002
   88.198000000000022        7.0828549005432642        3.3561395541438749E-002
   89.099000000000018        7.2270200271643352        3.3829767672272137E-002
   90.000000000000014        7.0810282310098751        3.3489911973560722E-002
   90.901000000000010        7.0888041663270602        3.3461567982879151E-002
   91.802000000000007        7.1634423064163570        3.3699084879673435E-002
   92.703000000000003        7.1553889901282544        3.3606008343630270E-002
   93.603999999999999        7.1733575182508353        3.3761995538865823E-002
   94.504999999999995        7.1125810055009175        3.3532074415761642E-002
   95.405999999999992        7.1066802456356077        3.3471379040746735E-002
   96.306999999999988        7.0780044489254124        3.3489379898281858E-002
   97.207999999999984        7.1100805918092966        3.3353211777397564E-002
   98.108999999999980        7.0700797987905668        3.3286964728320885E-002
   99.009999999999977        7.0846503059722048        3.3215342308342367E-002
   99.910999999999973        7.0995444948177928        3.3258771186427449E-002
   100.81199999999997        7.0831541940144334        3.3219483775203743E-002
   101.71299999999997        7.0362326340342962        3.2844090430636110E-002
   102.61399999999996        7.0131086098739903        3.2774663586930521E-002
   103.51499999999996        6.9823326257459559        3.2624803994503848E-002
   104.41599999999995        6.9944224107747850        3.2531773848345741E-002
   105.31699999999995        6.9252423265756233        3.2297699909948116E-002
   106.21799999999995        6.9544314259044713        3.2343690278872572E-002
   107.11899999999994        6.8748267121834834        3.2000151136914338E-002
   108.01999999999994        6.8793827233413039        3.1790208847068041E-002
   108.92099999999994        6.8639125373335483        3.1773858624758948E-002
   109.82199999999993        6.9068298129704653        3.1872808612161359E-002
   110.72299999999993        6.8174654427239547        3.1535480399926485E-002
   111.62399999999992        6.7322761512408844        3.0971301905599439E-002
   112.52499999999992        6.7281993124470363        3.0976622898824125E-002
   113.42599999999992        6.6776580594444859        3.0726108757999509E-002
   114.32699999999991        6.6930897714016693        3.0628444782815133E-002
   115.22799999999991        6.6505362230391771        3.0417489598764655E-002
   116.12899999999991        6.5731167028823343        3.0092484987543772E-002
   117.02999999999990        6.5923694653904175        3.0147628425258421E-002
   117.93099999999990        6.4747570027465038        2.9475551884437779E-002
   118.83199999999989        6.4303576938197162        2.9397257269897347E-002
   119.73299999999989        6.4230324270895061        2.9319208528029050E-002
   120.63399999999989        6.3412986348117029        2.8929954059899593E-002
   121.53499999999988        6.3062970618854548        2.8744914681470016E-002
   122.43599999999988        6.2283949976057729        2.8570505002667550E-002
   123.33699999999988        6.2146242015176378        2.8342302450557300E-002
   124.23799999999987        6.1892434298450194        2.8020687767694178E-002
   125.13899999999987        6.0672750463568121        2.7773499503982980E-002
   126.03999999999986        6.0135277942412824        2.7709441255560369E-002
   126.94099999999986        5.9889513493948412        2.7385285747645673E-002
   127.84199999999986        5.8833988665554271        2.7103632212875428E-002
   128.74299999999985        5.8125889060168845        2.6855096118772976E-002
   129.64399999999986        5.8137815041678929        2.6593712831512503E-002
   130.54499999999987        5.6943279110351677        2.6203713488046940E-002
   131.44599999999988        5.6268013605804068        2.6018314727698225E-002
   132.34699999999989        5.5849816390383147        2.5845153011645229E-002
   133.24799999999991        5.5547192033748738        2.5705225133881234E-002
   134.14899999999992        5.4081136757593784        2.5220168869402104E-002
   135.04999999999993        5.3588300424338033        2.5171502877819565E-002
   135.95099999999994        5.2472382396972757        2.4627723527185574E-002
   136.85199999999995        5.2071247343144247        2.4718438714202831E-002
   137.75299999999996        5.1177624739434675        2.4211534925889341E-002
   138.65399999999997        4.9873350184845160        2.3981466783255464E-002
   139.55499999999998        4.9873858242511035        2.4099188209837603E-002
   140.45599999999999        4.9007131659343237        2.3918281608625493E-002
   141.35700000000000        4.7853001906722348        2.3347121198468913E-002
   142.25800000000001        4.7250785734038407        2.3086018737266262E-002
   143.15900000000002        4.5787270645296001        2.2653320099793192E-002
   144.06000000000003        4.4934395001002523        2.2413910346271271E-002
   144.96100000000004        4.4218218394155784        2.2324124655251149E-002
   145.86200000000005        4.3347166897550657        2.2083421910229242E-002
   146.76300000000006        4.2805495311980764        2.2146054271627760E-002
   147.66400000000007        4.1733415084536238        2.1853255335174467E-002
   148.56500000000008        4.0494241119913434        2.1647364003632499E-002
   149.46600000000009        3.9577174542546056        2.0943255333029313E-002
   150.36700000000010        3.8515036637356679        2.1189331540907734E-002
   151.26800000000011        3.7915450455028754        2.1072512808231147E-002
   152.16900000000012        3.6581970827720136        2.0325152675829284E-002
   153.07000000000014        3.5513550135748231        2.0211957330285364E-002
   153.97100000000015        3.4475713715390528        1.9740578260641878E-002
   154.87200000000016        3.3394375663768630        2.2295427089970215E-002
   155.77300000000017        3.2161324454148801        1.9105624477491388E-002
   156.67400000000018        3.1073005379020722        1.8975938756461766E-002
   157.57500000000019        3.0040364127029830        1.8658729284305457E-002
   158.47600000000020        2.8697439349869986        1.8149636471144915E-002
   159.37700000000021        2.7736191930078062        1.8259568676580303E-002
   160.27800000000022        2.6891481484268080        1.9449844974286385E-002
   161.17900000000023        2.5295049013630240        1.7887046199146536E-002
   162.08000000000024        2.4367054349725294        1.7752419483655978E-002
   162.98100000000025        2.2888441887164079        2.0820360958055804E-002
   163.88200000000026        2.1869386658803727        1.7867018234107464E-002
   164.78300000000027        2.0882284769680992        1.8384398996862984E-002
   165.68400000000028        1.9573869544407345        1.8325922552613321E-002
   166.58500000000029        1.8065745739121417        1.8748084353713609E-002
   167.48600000000030        1.7044957561922920        1.6457767279583008E-002
   168.38700000000031        1.5398942340119623        1.5644935604403831E-002
   169.28800000000032        1.4659976197239877        1.6939690467378980E-002
   170.18900000000033        1.3418030582894374        2.3105378277800109E-002
   171.09000000000034        1.1795244311849176        2.1701864974740043E-002
   171.99100000000035        1.0834417138491217        1.8025522471643223E-002
   172.89200000000037       0.95462436182890753        2.5154622165380773E-002
   173.79300000000038       0.70095914899642864        1.8692719065855304E-002
   174.69400000000039       0.55033305233766561        5.8404770930520853E-003
   175.59500000000040       0.43146111849250446        4.8814135751810411E-003
   176.49600000000041       0.32996491207561923        4.5578179204665880E-003
   177.39700000000042       0.22536459911536993        3.3800788684929636E-003
   178.29800000000043       0.12445853047354867        2.4481193762536648E-003
   179.19900000000044        3.1265878532670495E-002   1.1760521755540389E-003
