 -0.10000000000000001        0.0000000000000000        0.0000000000000000     
  -4.9000000000000009E-002   12876.770416336905        2.9040207591374596     
   1.9999999999999879E-003   209.95759259154772       0.89006270694389678     
   5.2999999999999985E-002   386.32674229250330        1.1560130326993550     
  0.10399999999999998        282.40817935596175        1.0300446927968887     
  0.15499999999999997        202.85446590131517       0.85735431039541976     
  0.20599999999999996        159.16685577422308       0.75994104875775725     
  0.25699999999999995        129.64848168222633       0.69440650018235606     
  0.30799999999999994        111.00558803296354       0.65719170695091811     
  0.35899999999999993        95.964004197065151       0.60370843168966504     
  0.40999999999999992        85.823145133789652       0.57569245325252050     
  0.46099999999999991        77.233791794849793       0.57177403153620032     
  0.51199999999999990        69.420712046502047       0.55320183275000290     
  0.56299999999999994        63.066903737759674       0.48154121119296694     
  0.61399999999999999        58.678193183046758       0.48132505472599635     
  0.66500000000000004        53.800429934485472       0.45938682644886708     
  0.71600000000000008        49.867119995572111       0.43804891137883473     
  0.76700000000000013        47.841266122864532       0.42198116436816813     
  0.81800000000000017        44.210566513585547       0.44135536714253726     
  0.86900000000000022        41.116981901387533       0.41006507378592105     
  0.92000000000000026        39.804452303667375       0.38780870725500000     
  0.97100000000000020        37.487103831346843       0.37670296941485504     
   1.0220000000000002        35.816536170680166       0.44805703624753002     
   1.0730000000000002        34.048640206924816       0.36131304730883240     
   1.1240000000000001        31.758793557870906       0.35385824459378556     
   1.1750000000000000        30.384727703974022       0.34374691312358452     
   1.2260000000000000        29.930957259890057       0.34303270887878579     
   1.2769999999999999        28.044717595845913       0.32844702472695286     
   1.3279999999999998        26.547153223457858       0.32103505813760619     
   1.3789999999999998        26.288969909596805       0.32683339574189985     
   1.4299999999999997        25.118618140551018       0.31551554957651279     
   1.4809999999999997        24.379306311172900       0.30819151438288522     
   1.5319999999999996        23.461062729409278       0.30482608868003036     
   1.5829999999999995        21.811322516778855       0.28612467586185597     
   1.6339999999999995        21.967439261619738       0.29248881720793568     
   1.6849999999999994        21.061971655553894       0.28135511569305360     
   1.7359999999999993        19.721453103422036       0.27334473172553742     
   1.7869999999999993        19.411120414608362       0.27344652065542502     
   1.8379999999999992        19.717680282599698       0.27800210080539617     
   1.8889999999999991        18.602740636881958       0.27002112377951742     
   1.9399999999999991        18.214248460770435       0.27486980640903802     
   1.9909999999999990        17.713874895598909       0.26906190183217116     
   2.0419999999999989        16.960098981482570       0.25242154863713129     
   2.0929999999999991        16.482053995699207       0.25062254547360324     
   2.1439999999999992        16.282689520522396       0.25135120068983463     
   2.1949999999999994        16.290523665698998       0.26029926764351036     
   2.2459999999999996        15.512618716512247       0.25378645449009318     
   2.2969999999999997        14.952277459043312       0.23954745096512634     
   2.3479999999999999        14.972516205865297       0.24036235132849523     
   2.3990000000000000        14.322974295126043       0.23301819818607555     
   2.4500000000000002        13.984672427306258       0.23303372978882272     
   2.5010000000000003        13.908981386239311       0.22918722869239125     
   2.5520000000000005        12.929790598971428       0.22043970826782730     
   2.6030000000000006        12.983370618307266       0.22186953911569354     
   2.6540000000000008        12.792409373993522       0.22433011420900556     
   2.7050000000000010        12.478534200771675       0.21822205059273320     
   2.7560000000000011        12.267838480142425       0.21910677349273860     
   2.8070000000000013        11.963273949285844       0.21793121111764591     
   2.8580000000000014        11.862241443165173       0.21784388166931429     
   2.9090000000000016        11.284894895707778       0.21910622378239430     
   2.9600000000000017        11.271972017705084       0.21330820430093769     
   3.0110000000000019        10.784558699427315       0.19809039354298200     
   3.0620000000000021        10.810930852179771       0.20569663447644690     
   3.1130000000000022        10.758732323113414       0.20349469427917102     
   3.1640000000000024        10.516315118724256       0.20091394102624066     
   3.2150000000000025        9.9126137617295615       0.19334625404938038     
   3.2660000000000027        9.6298445297644637       0.18884313459957477     
   3.3170000000000028        9.6572009176958993       0.19123185456994654     
   3.3680000000000030        9.7430239937987313       0.19764276881648629     
   3.4190000000000031        9.4370194030211429       0.19376998810218243     
   3.4700000000000033        8.9681013642893639       0.18434304849403810     
   3.5210000000000035        9.3118934107489828       0.19623693320823740     
   3.5720000000000036        8.8938237898548955       0.18430067542144060     
   3.6230000000000038        8.9438836745904435       0.18092210814709364     
   3.6740000000000039        9.0579058321268295       0.18440958464908985     
   3.7250000000000041        8.3316158663656736       0.17405219868755631     
   3.7760000000000042        8.6167877614933914       0.19063595648718684     
   3.8270000000000044        8.5886576277626485       0.18359455769838162     
   3.8780000000000046        7.9020055677708640       0.17044517929399572     
   3.9290000000000047        7.7972018870186455       0.17117753650499093     
   3.9800000000000049        7.6296911665471274       0.16867936412406426     
   4.0310000000000050        7.6986545002152393       0.17295769273243422     
   4.0820000000000052        7.5173361142675104       0.16764051000577940     
   4.1330000000000053        7.5697116261017703       0.16947322037963025     
   4.1840000000000055        7.4736193540419258       0.17156706584485090     
   4.2350000000000056        7.5319507553664913       0.17137995893613719     
   4.2860000000000058        7.4987501482392345       0.17837271569162536     
   4.3370000000000060        7.0473558048282943       0.16215875919566813     
   4.3880000000000061        7.0251935994968218       0.16217653893187675     
   4.4390000000000063        6.9820612867649174       0.16524249323296381     
   4.4900000000000064        6.5733051920671484       0.16026038112875343     
   4.5410000000000066        6.6439263240139015       0.15582933090435250     
   4.5920000000000067        6.8119122769168028       0.16276652231991784     
   4.6430000000000069        6.6812673125226150       0.15816698341780172     
   4.6940000000000071        6.2894184607778572       0.15300936803132148     
   4.7450000000000072        6.5650796369310260       0.16596248107082598     
   4.7960000000000074        6.4001329916189258       0.15737376039016085     
   4.8470000000000075        5.9969166440526713       0.15336709978562821     
   4.8980000000000077        6.0184762645722509       0.15133989525128519     
   4.9490000000000078        5.9987008249209532       0.14992035417849367     
   5.0000000000000080        5.7330137564357386       0.19248559857463293     
   5.0510000000000081        5.7204910600646368       0.14508397215067992     
   5.1020000000000083        5.8104691102191168       0.14566363249513414     
   5.1530000000000085        5.6928413479620810       0.14327844080541885     
   5.2040000000000086        5.5219193456207858       0.14532672700291227     
   5.2550000000000088        5.6786062650385594       0.15076245804627567     
   5.3060000000000089        5.5900183737709019       0.14064014551283288     
   5.3570000000000091        5.3735195686565262       0.14243113683712263     
   5.4080000000000092        5.5534077598566718       0.14753907211828649     
   5.4590000000000094        5.2715442315603518       0.14338328108435891     
   5.5100000000000096        4.9671706774229696       0.13449967034676666     
   5.5610000000000097        5.1806793548032264       0.13654917655559451     
   5.6120000000000099        5.3309162495908193       0.15318461349834189     
   5.6630000000000100        4.9977344410344422       0.13963167458181083     
   5.7140000000000102        5.0601156867904606       0.14012821956663349     
   5.7650000000000103        4.9539161819206585       0.13739849041441599     
   5.8160000000000105        4.6092667159369691       0.12972172240199778     
   5.8670000000000107        4.9283507064155438       0.13728551120111238     
   5.9180000000000108        4.4881638155428361       0.12860794506117790     
   5.9690000000000110        4.6857245862562982       0.13447436416275318     
   6.0200000000000111        4.6111383523056446       0.13362340342074097     
   6.0710000000000113        4.6888906608547734       0.13274688363453210     
   6.1220000000000114        4.8101135591220441       0.13176287502708536     
   6.1730000000000116        4.4247901570691344       0.12684849133317755     
   6.2240000000000117        4.3090525085584579       0.12310093359991510     
   6.2750000000000119        4.4363050301480760       0.13602898517501755     
   6.3260000000000121        4.1479676097974112       0.12736032669372091     
   6.3770000000000122        4.2527175755713884       0.12345907458563464     
   6.4280000000000124        4.4088402083891358       0.22686704542308964     
   6.4790000000000125        4.1307602730904884       0.12694975435359712     
   6.5300000000000127        3.9980309242244862       0.12433399400016884     
   6.5810000000000128        4.0688673082046609       0.12220993171862203     
   6.6320000000000130        4.0796788384468750       0.13068939186409773     
   6.6830000000000132        4.0107693649010310       0.12104025370545819     
   6.7340000000000133        3.8331500223526853       0.11640373068162048     
   6.7850000000000135        3.9057273868550686       0.12169801441381303     
   6.8360000000000136        3.8038225865924091       0.11567101373986374     
   6.8870000000000138        3.9907643855124726       0.12633540539841337     
   6.9380000000000139        3.8944958881673095       0.12900582817945180     
   6.9890000000000141        3.6682821340314349       0.11326330943355449     
   7.0400000000000142        3.8966600301822591       0.11915719063985843     
   7.0910000000000144        3.6685595654119671       0.11450954553596558     
   7.1420000000000146        3.7145553715918949       0.11687450424029394     
   7.1930000000000147        3.5315824489450933       0.11194498818636940     
   7.2440000000000149        3.6474839333275564       0.11571039553045022     
   7.2950000000000150        3.6040082984376935       0.11658700834568328     
   7.3460000000000152        3.5867232415941288       0.11646800982907465     
   7.3970000000000153        3.5848287798506164       0.11662674719441087     
   7.4480000000000155        3.4534268723421753       0.11397581888954537     
   7.4990000000000157        3.3164320190882455       0.11823194610428821     
   7.5500000000000158        3.3961329923790013       0.11587534892459377     
   7.6010000000000160        3.4834755546287735       0.11539444196409486     
   7.6520000000000161        3.1677281832513162       0.10761966728140462     
   7.7030000000000163        3.3085631511992628       0.10838294680111016     
   7.7540000000000164        3.3674060874007510       0.11849187881621728     
   7.8050000000000166        3.2821805806802606       0.11056834377206390     
   7.8560000000000167        3.2557667759856481       0.11540271325616808     
   7.9070000000000169        3.1152029378996486       0.11673125749559750     
   7.9580000000000162        3.2041176774149700       0.11063914276624535     
   8.0090000000000163        2.9904885813645898       0.10187040642889923     
   8.0600000000000165        3.2965773082073770       0.11545486307490245     
   8.1110000000000166        3.0193837509955670       0.10515123781731778     
   8.1620000000000168        2.8374148423735805       0.10051372624958364     
   8.2130000000000170        2.9304132723537286       0.10315545893791464     
   8.2640000000000171        2.9693268428909505       0.10890190122618132     
   8.3150000000000173        2.9069454779295127       0.10053814313315164     
   8.3660000000000174        2.9452144877460142       0.10676024617836447     
   8.4170000000000176        2.9248093073060302       0.10510427905471395     
   8.4680000000000177        2.9228934038675516       0.10556357734216384     
   8.5190000000000179        2.8310560039336590       0.10257539758372922     
   8.5700000000000180        2.7301300899033967       0.10125989079182644     
   8.6210000000000182        2.7534010665199942       0.10121117273370292     
   8.6720000000000184        2.7653031368673329       0.10120736811200240     
   8.7230000000000185        2.7558143431791522       0.10044151456186827     
   8.7740000000000187        2.8748993765656996       0.10652655486767985     
   8.8250000000000188        2.8451431215153740       0.10238996547634023     
   8.8760000000000190        2.7155596542210700        9.9327178193358401E-002
   8.9270000000000191        2.5566113331570475        9.7267533917689136E-002
   8.9780000000000193        2.5331794246780808        9.4668862165913928E-002
   9.0290000000000195        2.5114191913215427        9.7393092354698299E-002
   9.0800000000000196        2.5869330640416379        9.7660069391916585E-002
   9.1310000000000198        2.6967504351215301       0.10003900354994363     
   9.1820000000000199        2.4869215615428715        9.6377222561866094E-002
   9.2330000000000201        2.7150101857568631       0.10135963855569211     
   9.2840000000000202        2.2988482368881828        9.0902886002739478E-002
   9.3350000000000204        2.4197412325381698        9.0738798265241213E-002
   9.3860000000000205        2.4596855180171575        9.3621897132083826E-002
   9.4370000000000207        2.5018220313929205        9.6674082484481491E-002
   9.4880000000000209        2.3085293452323685        9.3140504785588094E-002
   9.5390000000000210        2.3159503200971066        9.3349173654984255E-002
   9.5900000000000212        2.5005282075870499        9.8016983488888001E-002
   9.6410000000000213        2.3297075122644659        9.0566920467759882E-002
   9.6920000000000215        2.2585394831858179        8.9542187792125069E-002
   9.7430000000000216        2.3217341420693023        9.1970800420024826E-002
   9.7940000000000218        2.3938792758259382        9.4208301168858713E-002
   9.8450000000000220        2.2368711786685247        9.2348109811564119E-002
   9.8960000000000221        2.3105137471670720        9.5685690408306601E-002
   9.9470000000000223        2.2222803856582938        9.0730659820072196E-002
   9.9980000000000224        9.5006034539062562E-002   1.9467723062812650E-002
   10.049000000000023        0.0000000000000000        0.0000000000000000     
