  -1.0000000000000000        0.0000000000000000        0.0000000000000000     
 -0.99500000000000000        0.0000000000000000        0.0000000000000000     
 -0.98999999999999999        0.0000000000000000        0.0000000000000000     
 -0.98499999999999999        0.0000000000000000        0.0000000000000000     
 -0.97999999999999998        0.0000000000000000        0.0000000000000000     
 -0.97499999999999998        0.0000000000000000        0.0000000000000000     
 -0.96999999999999997        0.0000000000000000        0.0000000000000000     
 -0.96499999999999997        0.0000000000000000        0.0000000000000000     
 -0.95999999999999996        0.0000000000000000        0.0000000000000000     
 -0.95499999999999996        0.0000000000000000        0.0000000000000000     
 -0.94999999999999996        0.0000000000000000        0.0000000000000000     
 -0.94499999999999995        0.0000000000000000        0.0000000000000000     
 -0.93999999999999995        0.0000000000000000        0.0000000000000000     
 -0.93499999999999994        0.0000000000000000        0.0000000000000000     
 -0.92999999999999994        0.0000000000000000        0.0000000000000000     
 -0.92499999999999993        0.0000000000000000        0.0000000000000000     
 -0.91999999999999993        0.0000000000000000        0.0000000000000000     
 -0.91499999999999992        0.0000000000000000        0.0000000000000000     
 -0.90999999999999992        0.0000000000000000        0.0000000000000000     
 -0.90499999999999992        0.0000000000000000        0.0000000000000000     
 -0.89999999999999991        0.0000000000000000        0.0000000000000000     
 -0.89499999999999991        0.0000000000000000        0.0000000000000000     
 -0.88999999999999990        0.0000000000000000        0.0000000000000000     
 -0.88499999999999990        0.0000000000000000        0.0000000000000000     
 -0.87999999999999989        0.0000000000000000        0.0000000000000000     
 -0.87499999999999989        0.0000000000000000        0.0000000000000000     
 -0.86999999999999988        0.0000000000000000        0.0000000000000000     
 -0.86499999999999988        0.0000000000000000        0.0000000000000000     
 -0.85999999999999988        0.0000000000000000        0.0000000000000000     
 -0.85499999999999987        0.0000000000000000        0.0000000000000000     
 -0.84999999999999987        0.0000000000000000        0.0000000000000000     
 -0.84499999999999986        0.0000000000000000        0.0000000000000000     
 -0.83999999999999986        0.0000000000000000        0.0000000000000000     
 -0.83499999999999985        0.0000000000000000        0.0000000000000000     
 -0.82999999999999985        0.0000000000000000        0.0000000000000000     
 -0.82499999999999984        0.0000000000000000        0.0000000000000000     
 -0.81999999999999984        0.0000000000000000        0.0000000000000000     
 -0.81499999999999984        0.0000000000000000        0.0000000000000000     
 -0.80999999999999983        0.0000000000000000        0.0000000000000000     
 -0.80499999999999983        0.0000000000000000        0.0000000000000000     
 -0.79999999999999982        0.0000000000000000        0.0000000000000000     
 -0.79499999999999982        0.0000000000000000        0.0000000000000000     
 -0.78999999999999981        0.0000000000000000        0.0000000000000000     
 -0.78499999999999981        0.0000000000000000        0.0000000000000000     
 -0.77999999999999980        0.0000000000000000        0.0000000000000000     
 -0.77499999999999980        0.0000000000000000        0.0000000000000000     
 -0.76999999999999980        0.0000000000000000        0.0000000000000000     
 -0.76499999999999979        0.0000000000000000        0.0000000000000000     
 -0.75999999999999979        0.0000000000000000        0.0000000000000000     
 -0.75499999999999978        0.0000000000000000        0.0000000000000000     
 -0.74999999999999978        0.0000000000000000        0.0000000000000000     
 -0.74499999999999977        0.0000000000000000        0.0000000000000000     
 -0.73999999999999977        0.0000000000000000        0.0000000000000000     
 -0.73499999999999976        0.0000000000000000        0.0000000000000000     
 -0.72999999999999976        0.0000000000000000        0.0000000000000000     
 -0.72499999999999976        0.0000000000000000        0.0000000000000000     
 -0.71999999999999975        0.0000000000000000        0.0000000000000000     
 -0.71499999999999975        0.0000000000000000        0.0000000000000000     
 -0.70999999999999974        0.0000000000000000        0.0000000000000000     
 -0.70499999999999974        0.0000000000000000        0.0000000000000000     
 -0.69999999999999973        0.0000000000000000        0.0000000000000000     
 -0.69499999999999973        0.0000000000000000        0.0000000000000000     
 -0.68999999999999972        0.0000000000000000        0.0000000000000000     
 -0.68499999999999972        0.0000000000000000        0.0000000000000000     
 -0.67999999999999972        0.0000000000000000        0.0000000000000000     
 -0.67499999999999971        0.0000000000000000        0.0000000000000000     
 -0.66999999999999971        0.0000000000000000        0.0000000000000000     
 -0.66499999999999970        0.0000000000000000        0.0000000000000000     
 -0.65999999999999970        0.0000000000000000        0.0000000000000000     
 -0.65499999999999969        0.0000000000000000        0.0000000000000000     
 -0.64999999999999969        0.0000000000000000        0.0000000000000000     
 -0.64499999999999968        0.0000000000000000        0.0000000000000000     
 -0.63999999999999968        0.0000000000000000        0.0000000000000000     
 -0.63499999999999968        0.0000000000000000        0.0000000000000000     
 -0.62999999999999967        0.0000000000000000        0.0000000000000000     
 -0.62499999999999967        0.0000000000000000        0.0000000000000000     
 -0.61999999999999966        0.0000000000000000        0.0000000000000000     
 -0.61499999999999966        0.0000000000000000        0.0000000000000000     
 -0.60999999999999965        0.0000000000000000        0.0000000000000000     
 -0.60499999999999965        0.0000000000000000        0.0000000000000000     
 -0.59999999999999964        0.0000000000000000        0.0000000000000000     
 -0.59499999999999964        0.0000000000000000        0.0000000000000000     
 -0.58999999999999964        0.0000000000000000        0.0000000000000000     
 -0.58499999999999963        0.0000000000000000        0.0000000000000000     
 -0.57999999999999963        0.0000000000000000        0.0000000000000000     
 -0.57499999999999962        0.0000000000000000        0.0000000000000000     
 -0.56999999999999962        0.0000000000000000        0.0000000000000000     
 -0.56499999999999961        0.0000000000000000        0.0000000000000000     
 -0.55999999999999961        0.0000000000000000        0.0000000000000000     
 -0.55499999999999960        0.0000000000000000        0.0000000000000000     
 -0.54999999999999960        0.0000000000000000        0.0000000000000000     
 -0.54499999999999960        0.0000000000000000        0.0000000000000000     
 -0.53999999999999959        0.0000000000000000        0.0000000000000000     
 -0.53499999999999959        0.0000000000000000        0.0000000000000000     
 -0.52999999999999958        0.0000000000000000        0.0000000000000000     
 -0.52499999999999958        0.0000000000000000        0.0000000000000000     
 -0.51999999999999957        0.0000000000000000        0.0000000000000000     
 -0.51499999999999957        0.0000000000000000        0.0000000000000000     
 -0.50999999999999956        0.0000000000000000        0.0000000000000000     
 -0.50499999999999956        0.0000000000000000        0.0000000000000000     
 -0.49999999999999956        0.0000000000000000        0.0000000000000000     
 -0.49499999999999955        0.0000000000000000        0.0000000000000000     
 -0.48999999999999955        0.0000000000000000        0.0000000000000000     
 -0.48499999999999954        0.0000000000000000        0.0000000000000000     
 -0.47999999999999954        0.0000000000000000        0.0000000000000000     
 -0.47499999999999953        0.0000000000000000        0.0000000000000000     
 -0.46999999999999953        0.0000000000000000        0.0000000000000000     
 -0.46499999999999952        0.0000000000000000        0.0000000000000000     
 -0.45999999999999952        0.0000000000000000        0.0000000000000000     
 -0.45499999999999952        0.0000000000000000        0.0000000000000000     
 -0.44999999999999951        0.0000000000000000        0.0000000000000000     
 -0.44499999999999951        0.0000000000000000        0.0000000000000000     
 -0.43999999999999950        0.0000000000000000        0.0000000000000000     
 -0.43499999999999950        0.0000000000000000        0.0000000000000000     
 -0.42999999999999949        0.0000000000000000        0.0000000000000000     
 -0.42499999999999949        0.0000000000000000        0.0000000000000000     
 -0.41999999999999948        0.0000000000000000        0.0000000000000000     
 -0.41499999999999948        0.0000000000000000        0.0000000000000000     
 -0.40999999999999948        0.0000000000000000        0.0000000000000000     
 -0.40499999999999947        0.0000000000000000        0.0000000000000000     
 -0.39999999999999947        0.0000000000000000        0.0000000000000000     
 -0.39499999999999946        0.0000000000000000        0.0000000000000000     
 -0.38999999999999946        0.0000000000000000        0.0000000000000000     
 -0.38499999999999945        0.0000000000000000        0.0000000000000000     
 -0.37999999999999945        0.0000000000000000        0.0000000000000000     
 -0.37499999999999944        0.0000000000000000        0.0000000000000000     
 -0.36999999999999944        0.0000000000000000        0.0000000000000000     
 -0.36499999999999944        0.0000000000000000        0.0000000000000000     
 -0.35999999999999943        0.0000000000000000        0.0000000000000000     
 -0.35499999999999943        0.0000000000000000        0.0000000000000000     
 -0.34999999999999942        0.0000000000000000        0.0000000000000000     
 -0.34499999999999942        0.0000000000000000        0.0000000000000000     
 -0.33999999999999941        0.0000000000000000        0.0000000000000000     
 -0.33499999999999941        0.0000000000000000        0.0000000000000000     
 -0.32999999999999940        0.0000000000000000        0.0000000000000000     
 -0.32499999999999940        0.0000000000000000        0.0000000000000000     
 -0.31999999999999940        0.0000000000000000        0.0000000000000000     
 -0.31499999999999939        0.0000000000000000        0.0000000000000000     
 -0.30999999999999939        0.0000000000000000        0.0000000000000000     
 -0.30499999999999938        0.0000000000000000        0.0000000000000000     
 -0.29999999999999938        0.0000000000000000        0.0000000000000000     
 -0.29499999999999937        0.0000000000000000        0.0000000000000000     
 -0.28999999999999937        0.0000000000000000        0.0000000000000000     
 -0.28499999999999936        0.0000000000000000        0.0000000000000000     
 -0.27999999999999936        0.0000000000000000        0.0000000000000000     
 -0.27499999999999936        0.0000000000000000        0.0000000000000000     
 -0.26999999999999935        0.0000000000000000        0.0000000000000000     
 -0.26499999999999935        0.0000000000000000        0.0000000000000000     
 -0.25999999999999934        0.0000000000000000        0.0000000000000000     
 -0.25499999999999934        0.0000000000000000        0.0000000000000000     
 -0.24999999999999933        0.0000000000000000        0.0000000000000000     
 -0.24499999999999933        0.0000000000000000        0.0000000000000000     
 -0.23999999999999932        0.0000000000000000        0.0000000000000000     
 -0.23499999999999932        0.0000000000000000        0.0000000000000000     
 -0.22999999999999932        0.0000000000000000        0.0000000000000000     
 -0.22499999999999931        0.0000000000000000        0.0000000000000000     
 -0.21999999999999931        0.0000000000000000        0.0000000000000000     
 -0.21499999999999930        0.0000000000000000        0.0000000000000000     
 -0.20999999999999930        0.0000000000000000        0.0000000000000000     
 -0.20499999999999929        0.0000000000000000        0.0000000000000000     
 -0.19999999999999929        0.0000000000000000        0.0000000000000000     
 -0.19499999999999929        0.0000000000000000        0.0000000000000000     
 -0.18999999999999928        0.0000000000000000        0.0000000000000000     
 -0.18499999999999928        0.0000000000000000        0.0000000000000000     
 -0.17999999999999927        0.0000000000000000        0.0000000000000000     
 -0.17499999999999927        0.0000000000000000        0.0000000000000000     
 -0.16999999999999926        0.0000000000000000        0.0000000000000000     
 -0.16499999999999926        0.0000000000000000        0.0000000000000000     
 -0.15999999999999925        0.0000000000000000        0.0000000000000000     
 -0.15499999999999925        0.0000000000000000        0.0000000000000000     
 -0.14999999999999925        0.0000000000000000        0.0000000000000000     
 -0.14499999999999924        0.0000000000000000        0.0000000000000000     
 -0.13999999999999924        0.0000000000000000        0.0000000000000000     
 -0.13499999999999923        0.0000000000000000        0.0000000000000000     
 -0.12999999999999923        0.0000000000000000        0.0000000000000000     
 -0.12499999999999922        0.0000000000000000        0.0000000000000000     
 -0.11999999999999922        0.0000000000000000        0.0000000000000000     
 -0.11499999999999921        0.0000000000000000        0.0000000000000000     
 -0.10999999999999921        0.0000000000000000        0.0000000000000000     
 -0.10499999999999921        0.0000000000000000        0.0000000000000000     
  -9.9999999999999201E-002   0.0000000000000000        0.0000000000000000     
  -9.4999999999999196E-002   0.0000000000000000        0.0000000000000000     
  -8.9999999999999192E-002   0.0000000000000000        0.0000000000000000     
  -8.4999999999999187E-002   0.0000000000000000        0.0000000000000000     
  -7.9999999999999183E-002   0.0000000000000000        0.0000000000000000     
  -7.4999999999999178E-002   0.0000000000000000        0.0000000000000000     
  -6.9999999999999174E-002   0.0000000000000000        0.0000000000000000     
  -6.4999999999999170E-002   0.0000000000000000        0.0000000000000000     
  -5.9999999999999172E-002   0.0000000000000000        0.0000000000000000     
  -5.4999999999999175E-002   0.0000000000000000        0.0000000000000000     
  -4.9999999999999177E-002   0.0000000000000000        0.0000000000000000     
  -4.4999999999999180E-002   0.0000000000000000        0.0000000000000000     
  -3.9999999999999182E-002   0.0000000000000000        0.0000000000000000     
  -3.4999999999999185E-002   0.0000000000000000        0.0000000000000000     
  -2.9999999999999184E-002   0.0000000000000000        0.0000000000000000     
  -2.4999999999999183E-002   0.0000000000000000        0.0000000000000000     
  -1.9999999999999182E-002   0.0000000000000000        0.0000000000000000     
  -1.4999999999999181E-002   0.0000000000000000        0.0000000000000000     
  -9.9999999999991797E-003   40.488629806771961        1.0803091827796634     
  -4.9999999999991796E-003   30151.162142564834        31.989308587569205     
