  -9.9999999999999978E-002   1.6177141440983551        2.7814318761884137E-002
  0.80100000000000005        1.4242307710252702        2.5367673413898013E-002
   1.7020000000000000       0.88793672717190719        2.3763124433110544E-002
   2.6029999999999998       0.62090716712708593        1.7263455164427968E-002
   3.5039999999999996       0.47414957060011714        1.4206569545938892E-002
   4.4049999999999994       0.39482786784998164        1.3713301648150532E-002
   5.3059999999999992       0.33360218606924613        1.2267784164017364E-002
   6.2069999999999990       0.30488608124563954        1.2009652866227611E-002
   7.1079999999999988       0.26384328916325261        1.2193840954526863E-002
   8.0089999999999986       0.22349603805844415        9.6353104803077391E-003
   8.9099999999999984       0.20633551615924392        9.7758031383121322E-003
   9.8109999999999982       0.18976403398375660        9.3313277282821763E-003
   10.711999999999998       0.16688589731953046        9.8229318450672887E-003
   11.612999999999998       0.15889231341973195        7.8323331902600806E-003
   12.513999999999998       0.14739810548300011        8.2292588005896221E-003
   13.414999999999997       0.12876681132199924        7.4311133591158287E-003
   14.315999999999997       0.13289379708673893        7.5958863649002555E-003
   15.216999999999999       0.13545031111566208        8.3972532020635191E-003
   16.117999999999999       0.12043570867617417        6.9043257911543922E-003
   17.018999999999998       0.11237183266414122        6.3304047260724647E-003
   17.919999999999998       0.10905370858344247        6.4622082805413233E-003
   18.820999999999998       0.11038956203038855        6.9122779406479958E-003
   19.721999999999998       0.10585571038567690        6.1327830780897518E-003
   20.622999999999998        8.8930573144772068E-002   5.4881618778394418E-003
   21.523999999999997        9.1650951210910311E-002   5.5122003062446131E-003
   22.424999999999997        8.2293691624917314E-002   5.0708180818616489E-003
   23.325999999999997        9.3484666720374393E-002   5.6649081975890421E-003
   24.226999999999997        7.1865873372848554E-002   4.3814713290643709E-003
   25.127999999999997        8.6466024207741091E-002   6.1215611892537006E-003
   26.028999999999996        7.9431749974074192E-002   5.1102931702473190E-003
   26.929999999999996        7.0275032111955377E-002   4.7826896352069969E-003
   27.830999999999996        7.7653597651802977E-002   5.1505031194079443E-003
   28.731999999999996        7.4674196953490424E-002   4.6355358899261628E-003
   29.632999999999996        6.9222634346884804E-002   4.5349659932846396E-003
   30.533999999999995        6.9129976948231586E-002   4.3007883020933155E-003
   31.434999999999999        6.8345304473218613E-002   4.2211341923047672E-003
   32.335999999999999        7.0516567245701350E-002   4.4011268898925347E-003
   33.237000000000002        6.1855938860549249E-002   4.0134162727887982E-003
   34.138000000000005        6.3387388902011191E-002   4.3441016965450451E-003
   35.039000000000009        6.0636409101412103E-002   3.9937637457148501E-003
   35.940000000000012        6.0233297847088418E-002   3.8504284382763856E-003
   36.841000000000015        6.1045553478687890E-002   4.0571245913026193E-003
   37.742000000000019        6.2434157634435251E-002   3.9414589447745547E-003
   38.643000000000022        5.2047696580792502E-002   3.4785162883609962E-003
   39.544000000000025        4.9979092752942475E-002   3.1893334877397929E-003
   40.445000000000029        5.0032265813492002E-002   3.2401692537990562E-003
   41.346000000000032        4.9361714155788161E-002   3.0847220602556037E-003
   42.247000000000035        5.5708517134037551E-002   3.3332181608121585E-003
   43.148000000000039        5.1638013597153178E-002   3.1112216974724283E-003
   44.049000000000042        4.8931410019363637E-002   3.0578106320964392E-003
   44.950000000000045        5.0230645651619964E-002   2.9902398918841377E-003
   45.851000000000049        4.7946866661726428E-002   3.4277800990912492E-003
   46.752000000000052        5.0883595764084230E-002   3.5133698973803468E-003
   47.653000000000056        5.1166939922260915E-002   3.5031871899074644E-003
   48.554000000000059        5.0726989432401150E-002   2.9810022705422465E-003
   49.455000000000062        4.4957196031193157E-002   2.7866285670552623E-003
   50.356000000000066        4.6400517350512448E-002   2.6912366590944262E-003
   51.257000000000069        5.0432769781592307E-002   2.8362124638349503E-003
   52.158000000000072        4.3465342415233206E-002   2.5551456323802276E-003
   53.059000000000076        4.3346978213965971E-002   2.5966455850890296E-003
   53.960000000000079        4.8238083246309016E-002   2.9222289632461623E-003
   54.861000000000082        4.4404814482035676E-002   2.6185165794738465E-003
   55.762000000000086        4.8451839719502787E-002   2.7658085990881261E-003
   56.663000000000089        4.1314170595724148E-002   2.5318094216437272E-003
   57.564000000000092        4.9413768237346424E-002   4.9130948149406564E-003
   58.465000000000096        3.8464390372507949E-002   2.2899562289048357E-003
   59.366000000000099        3.6930198585482021E-002   2.1545057359447523E-003
   60.267000000000102        4.5196731099242500E-002   2.7752470554570341E-003
   61.168000000000106        4.1428195306077005E-002   2.3602348850467916E-003
   62.069000000000109        3.9664570811423334E-002   2.3448102097943977E-003
   62.970000000000113        4.1356869784097229E-002   2.3986983972852016E-003
   63.871000000000116        4.3468385860863400E-002   2.5406011506877665E-003
   64.772000000000119        3.7736238927135374E-002   2.0961605037810483E-003
   65.673000000000116        4.2005073978640221E-002   2.2439536112521976E-003
   66.574000000000112        4.1152203159633270E-002   2.3023046314059807E-003
   67.475000000000108        3.9935503973067624E-002   2.2529874628448286E-003
   68.376000000000104        4.1156491450151510E-002   2.3763666033842293E-003
   69.277000000000100        4.0925947703964377E-002   2.3211377380100090E-003
   70.178000000000097        3.7049419465335111E-002   1.9853501141153009E-003
   71.079000000000093        4.1316821497685265E-002   2.1890554091401888E-003
   71.980000000000089        4.0220470777739492E-002   2.4097900097195309E-003
   72.881000000000085        3.6700345696202653E-002   2.1185983574226706E-003
   73.782000000000082        3.7208162263696436E-002   2.0306126041722528E-003
   74.683000000000078        4.1161384736119251E-002   2.2303222363790746E-003
   75.584000000000074        3.8563221791352277E-002   2.5342363967889750E-003
   76.485000000000070        3.5581177140394944E-002   2.0798332589576246E-003
   77.386000000000067        3.6009806028536741E-002   2.1012827761625651E-003
   78.287000000000063        3.7028064702815673E-002   2.0087806456074047E-003
   79.188000000000059        3.6861554094302258E-002   1.9537004666636488E-003
   80.089000000000055        3.8372354502018889E-002   2.1820398249155367E-003
   80.990000000000052        3.5959129416806172E-002   1.9849974134824584E-003
   81.891000000000048        4.3419124949580633E-002   4.9495682460795063E-003
   82.792000000000044        4.0671363749086344E-002   2.3033731344443103E-003
   83.693000000000040        3.6521085002683328E-002   1.9584802682532684E-003
   84.594000000000037        3.7744719690666770E-002   2.0937513969673544E-003
   85.495000000000033        3.8638390518569037E-002   2.0975386917758947E-003
   86.396000000000029        3.6276550405459768E-002   1.8551927355327760E-003
   87.297000000000025        4.1134417139058320E-002   2.4682033244831886E-003
   88.198000000000022        3.7306543484717625E-002   2.0043433958026723E-003
   89.099000000000018        3.5543025390254675E-002   1.9732155699011093E-003
   90.000000000000014        3.9562783152560795E-002   2.1460223915401489E-003
   90.901000000000010        3.7604855316317749E-002   2.1293696766333399E-003
   91.802000000000007        3.7611793258433175E-002   2.0257787123655001E-003
   92.703000000000003        3.8631480713367472E-002   2.1611403344105459E-003
   93.603999999999999        3.4218159972684022E-002   1.8282790580477733E-003
   94.504999999999995        3.5658925714679088E-002   1.8329333601319769E-003
   95.405999999999992        3.9727900554996948E-002   3.2113978155722273E-003
   96.306999999999988        3.4676921766599561E-002   1.8422051850838935E-003
   97.207999999999984        3.7724355708419970E-002   1.9560490622600084E-003
   98.108999999999980        4.0016722994923544E-002   2.4809301042684356E-003
   99.009999999999977        3.6042630962846885E-002   1.9388166376014780E-003
   99.910999999999973        4.0315209457997436E-002   2.4958026872570838E-003
   100.81199999999997        3.6063717425074658E-002   2.1079223344207302E-003
   101.71299999999997        4.1590131391931066E-002   2.3312682458280038E-003
   102.61399999999996        3.8341701709347559E-002   2.1351895852851741E-003
   103.51499999999996        4.3293170014083206E-002   2.5795792649978785E-003
   104.41599999999995        3.4687252201720906E-002   1.8764446506280821E-003
   105.31699999999995        3.8256613183865737E-002   2.1030429260744470E-003
   106.21799999999995        4.2658249996642389E-002   2.3144879420948041E-003
   107.11899999999994        4.1907306614100144E-002   2.3220499005296444E-003
   108.01999999999994        3.8957378295545034E-002   2.0944374578873784E-003
   108.92099999999994        3.9535320480366593E-002   2.1348878051520304E-003
   109.82199999999993        4.3547797472804753E-002   2.4180500328646248E-003
   110.72299999999993        4.1071327119467281E-002   2.3019571233492014E-003
   111.62399999999992        3.6551630624338041E-002   2.0709369548240742E-003
   112.52499999999992        3.9674480496473818E-002   2.2236949460078992E-003
   113.42599999999992        4.0310102634350760E-002   2.3296740120511677E-003
   114.32699999999991        4.3936324483830162E-002   2.5376343954066106E-003
   115.22799999999991        4.0261436632524093E-002   2.3685868949245201E-003
   116.12899999999991        3.7788143587963757E-002   2.3093578672057856E-003
   117.02999999999990        4.1593784020663750E-002   2.3998844929751760E-003
   117.93099999999990        4.3587550657236421E-002   2.3837561650859470E-003
   118.83199999999989        4.0754453835575813E-002   2.2721878922862017E-003
   119.73299999999989        4.0295773199655369E-002   2.2495106916486660E-003
   120.63399999999989        4.3852394540444130E-002   2.6146093199397136E-003
   121.53499999999988        4.5255442609625392E-002   2.9210500202575705E-003
   122.43599999999988        3.9509478391296225E-002   2.2616562260203629E-003
   123.33699999999988        4.8267738555168624E-002   3.3734194214804490E-003
   124.23799999999987        4.3519809380118804E-002   2.6937642189757962E-003
   125.13899999999987        4.4677701717526441E-002   2.4602911332326709E-003
   126.03999999999986        4.4293351564457420E-002   2.5523644699125300E-003
   126.94099999999986        4.3609021731832419E-002   2.7370035829538488E-003
   127.84199999999986        4.5662173484265885E-002   2.6254118239288022E-003
   128.74299999999985        4.5890008132796374E-002   2.6986489099259364E-003
   129.64399999999986        4.3065240728533849E-002   2.5825434222189747E-003
   130.54499999999987        4.7855594130213043E-002   2.7918331272638909E-003
   131.44599999999988        4.2885185755379647E-002   2.6417844013324364E-003
   132.34699999999989        4.8989545126441880E-002   2.9776006280424188E-003
   133.24799999999991        4.6162432789341429E-002   2.9339603087425205E-003
   134.14899999999992        4.8954660173259237E-002   3.0849767952779421E-003
   135.04999999999993        5.3960946474218272E-002   3.3534251272171163E-003
   135.95099999999994        5.4474096556292158E-002   3.3737657733291823E-003
   136.85199999999995        6.2465817128844803E-002   4.4152509221192116E-003
   137.75299999999996        4.7756295302375920E-002   3.0471426121562494E-003
   138.65399999999997        5.3346689172089463E-002   3.3420700779222949E-003
   139.55499999999998        5.4536523813154811E-002   3.5239024706621891E-003
   140.45599999999999        6.0934735501203409E-002   3.8713679149939193E-003
   141.35700000000000        5.9343109994221807E-002   3.9902852009084848E-003
   142.25800000000001        6.1491551443257797E-002   4.1709170314660491E-003
   143.15900000000002        5.7032361976257204E-002   3.4997086664981360E-003
   144.06000000000003        5.9121172742617023E-002   4.1254296812642324E-003
   144.96100000000004        5.8125219370028666E-002   3.8974607804265152E-003
   145.86200000000005        6.8451423758499025E-002   4.2361120194294695E-003
   146.76300000000006        6.1281807648241933E-002   4.1024619995303508E-003
   147.66400000000007        6.6386831401570603E-002   4.2525817538392706E-003
   148.56500000000008        7.3007577686403244E-002   4.2485490260885765E-003
   149.46600000000009        6.4081626848192991E-002   4.2568115600178438E-003
   150.36700000000010        7.2093552343175202E-002   5.2906899012913240E-003
   151.26800000000011        8.0651041366317219E-002   5.1933443673922580E-003
   152.16900000000012        6.2920002477163936E-002   4.0926909485027837E-003
   153.07000000000014        7.6129415376092621E-002   4.5153779091053866E-003
   153.97100000000015        7.5899753784180707E-002   4.8863873693067474E-003
   154.87200000000016        8.2080124108165051E-002   5.3015810886133862E-003
   155.77300000000017        9.3715086730192118E-002   5.5074822440958713E-003
   156.67400000000018        8.6349420813302616E-002   5.1979356653337949E-003
   157.57500000000019        8.8282881762198118E-002   5.8829063005785163E-003
   158.47600000000020        9.2457912611742840E-002   5.9332852084876412E-003
   159.37700000000021       0.10314571126817083        6.0955268259027320E-003
   160.27800000000022       0.10164909682155300        5.9806555528489607E-003
   161.17900000000023       0.11979257326195582        6.5660182549190094E-003
   162.08000000000024       0.11364183884832663        6.3057578177263410E-003
   162.98100000000025       0.13406203410214673        8.8773739894705307E-003
   163.88200000000026       0.12124698719483699        7.3511342560465057E-003
   164.78300000000027       0.14042891942256969        7.3354259984574240E-003
   165.68400000000028       0.16222345875979818        8.2552258580362425E-003
   166.58500000000029       0.14960422429548781        7.4903191845105879E-003
   167.48600000000030       0.16677567331061807        8.1108474579704420E-003
   168.38700000000031       0.16562599888320584        8.2005941333772071E-003
   169.28800000000032       0.19447588715807354        8.7999539579788188E-003
   170.18900000000033       0.20847859208933212        9.7102039226238616E-003
   171.09000000000034       0.22751855049709685        9.9253941385689156E-003
   171.99100000000035       0.24202790957111872        1.0317416837520448E-002
   172.89200000000037       0.28718778865638883        1.1591534911144152E-002
   173.79300000000038       0.33655394640921238        1.2702117240577491E-002
   174.69400000000039       0.38676141419026067        1.3523298407297241E-002
   175.59500000000040       0.51234236577099446        1.5192951159977682E-002
   176.49600000000041       0.63029107195711620        1.6594468369235487E-002
   177.39700000000042       0.89306675931729518        2.3158906677684811E-002
   178.29800000000043        1.4864245886665948        3.0339193570432920E-002
   179.19900000000044        1.5729172789328048        2.2599431232216988E-002
