   5.7500000000000042E-005   153145.95954031384        220.77425683177569     
   6.3271249998736901E-004   44121.503406958218        123.34378407673124     
   1.2079249999747380E-003   26986.437297470464        95.807764107631499     
   1.7831374999621070E-003   19423.164607033388        83.110040876115605     
   2.3583499999494761E-003   15111.541713781789        74.885085227308707     
   2.9335624999368452E-003   12305.189519637828        65.215915193685476     
   3.5087749999242143E-003   10408.269817115653        60.737239376490727     
   4.0839874999115833E-003   8747.7187587351928        54.080883099743446     
   4.6591999998989520E-003   7627.6654559936378        49.606768407605813     
   5.2344124998863206E-003   6782.4266236047051        48.226343313243071     
   5.8096249998736893E-003   5909.2150647152575        44.806101356072041     
   6.3848374998610579E-003   4187.9494532888266        36.149145645137651     
   6.9600499998484265E-003   2853.9903612509706        29.012848937640655     
   7.5352624998357961E-003   2034.8609362059037        23.411940273166064     
   8.1104749998231647E-003   1553.5907830086869        20.668181381117162     
   8.6856874998105342E-003   1218.6367967328129        24.754608677150369     
   9.2608999997979037E-003   914.66971576747062        15.299708291885603     
   9.8361124997852732E-003   733.82417748848945        26.143175693626556     
   1.0411324999772643E-002   574.50446885825966        12.078366778511521     
   1.0986537499760012E-002   432.83535550873813        10.030535609818452     
   1.1561749999747382E-002   338.38836920957766        7.8576179322476820     
   1.2136962499734751E-002   275.70581415445349        7.5737730006775461     
   1.2712174999722121E-002   201.94543945502059        5.6231173596362769     
   1.3287387499709490E-002   154.38614014490440        4.4041206620332991     
   1.3862599999696860E-002   116.46344026546302        4.0171289627599309     
   1.4437812499684229E-002   100.80078152171326        5.0442344463259445     
   1.5013024999671599E-002   62.672493222314188        2.4452469648101651     
   1.5588237499658968E-002   42.796980827379208        1.9114436688373315     
   1.6163449999646338E-002   28.115294335340636        1.8197845891247979     
   1.6738662499633707E-002   15.155557475920292        1.3439312612332617     
   1.7313874999621077E-002   5.8056470983402724        1.3921217624010356     
   1.7889087499608446E-002   0.0000000000000000        0.0000000000000000     
   1.8464299999595816E-002   0.0000000000000000        0.0000000000000000     
   1.9039512499583185E-002   0.0000000000000000        0.0000000000000000     
   1.9614724999570555E-002   0.0000000000000000        0.0000000000000000     
   2.0189937499557924E-002   0.0000000000000000        0.0000000000000000     
   2.0765149999545294E-002   0.0000000000000000        0.0000000000000000     
   2.1340362499532663E-002   0.0000000000000000        0.0000000000000000     
   2.1915574999520033E-002   0.0000000000000000        0.0000000000000000     
   2.2490787499507402E-002   0.0000000000000000        0.0000000000000000     
   2.3065999999494772E-002   0.0000000000000000        0.0000000000000000     
   2.3641212499482141E-002   0.0000000000000000        0.0000000000000000     
   2.4216424999469511E-002   0.0000000000000000        0.0000000000000000     
   2.4791637499456880E-002   0.0000000000000000        0.0000000000000000     
   2.5366849999444250E-002   0.0000000000000000        0.0000000000000000     
   2.5942062499431619E-002   0.0000000000000000        0.0000000000000000     
   2.6517274999418989E-002   0.0000000000000000        0.0000000000000000     
   2.7092487499406358E-002   0.0000000000000000        0.0000000000000000     
   2.7667699999393728E-002   0.0000000000000000        0.0000000000000000     
   2.8242912499381097E-002   0.0000000000000000        0.0000000000000000     
   2.8818124999368467E-002   0.0000000000000000        0.0000000000000000     
   2.9393337499355836E-002   0.0000000000000000        0.0000000000000000     
   2.9968549999343206E-002   0.0000000000000000        0.0000000000000000     
   3.0543762499330575E-002   0.0000000000000000        0.0000000000000000     
   3.1118974999317942E-002   0.0000000000000000        0.0000000000000000     
   3.1694187499305311E-002   0.0000000000000000        0.0000000000000000     
   3.2269399999292681E-002   0.0000000000000000        0.0000000000000000     
   3.2844612499280050E-002   0.0000000000000000        0.0000000000000000     
   3.3419824999267420E-002   0.0000000000000000        0.0000000000000000     
   3.3995037499254789E-002   0.0000000000000000        0.0000000000000000     
   3.4570249999242159E-002   0.0000000000000000        0.0000000000000000     
   3.5145462499229528E-002   0.0000000000000000        0.0000000000000000     
   3.5720674999216898E-002   0.0000000000000000        0.0000000000000000     
   3.6295887499204267E-002   0.0000000000000000        0.0000000000000000     
   3.6871099999191637E-002   0.0000000000000000        0.0000000000000000     
   3.7446312499179006E-002   0.0000000000000000        0.0000000000000000     
   3.8021524999166376E-002   0.0000000000000000        0.0000000000000000     
   3.8596737499153745E-002   0.0000000000000000        0.0000000000000000     
   3.9171949999141115E-002   0.0000000000000000        0.0000000000000000     
   3.9747162499128484E-002   0.0000000000000000        0.0000000000000000     
   4.0322374999115854E-002   0.0000000000000000        0.0000000000000000     
   4.0897587499103223E-002   0.0000000000000000        0.0000000000000000     
   4.1472799999090593E-002   0.0000000000000000        0.0000000000000000     
   4.2048012499077962E-002   0.0000000000000000        0.0000000000000000     
   4.2623224999065332E-002   0.0000000000000000        0.0000000000000000     
   4.3198437499052701E-002   0.0000000000000000        0.0000000000000000     
   4.3773649999040071E-002   0.0000000000000000        0.0000000000000000     
   4.4348862499027440E-002   0.0000000000000000        0.0000000000000000     
   4.4924074999014810E-002   0.0000000000000000        0.0000000000000000     
   4.5499287499002179E-002   0.0000000000000000        0.0000000000000000     
   4.6074499998989549E-002   0.0000000000000000        0.0000000000000000     
   4.6649712498976918E-002   0.0000000000000000        0.0000000000000000     
   4.7224924998964288E-002   0.0000000000000000        0.0000000000000000     
   4.7800137498951657E-002   0.0000000000000000        0.0000000000000000     
   4.8375349998939027E-002   0.0000000000000000        0.0000000000000000     
   4.8950562498926396E-002   0.0000000000000000        0.0000000000000000     
   4.9525774998913766E-002   0.0000000000000000        0.0000000000000000     
   5.0100987498901135E-002   0.0000000000000000        0.0000000000000000     
   5.0676199998888505E-002   0.0000000000000000        0.0000000000000000     
   5.1251412498875874E-002   0.0000000000000000        0.0000000000000000     
   5.1826624998863244E-002   0.0000000000000000        0.0000000000000000     
   5.2401837498850613E-002   0.0000000000000000        0.0000000000000000     
   5.2977049998837983E-002   0.0000000000000000        0.0000000000000000     
   5.3552262498825352E-002   0.0000000000000000        0.0000000000000000     
   5.4127474998812722E-002   0.0000000000000000        0.0000000000000000     
   5.4702687498800091E-002   0.0000000000000000        0.0000000000000000     
   5.5277899998787461E-002   0.0000000000000000        0.0000000000000000     
   5.5853112498774830E-002   0.0000000000000000        0.0000000000000000     
   5.6428324998762200E-002   0.0000000000000000        0.0000000000000000     
   5.7003537498749569E-002   0.0000000000000000        0.0000000000000000     
   5.7578749998736939E-002   0.0000000000000000        0.0000000000000000     
   5.8153962498724308E-002   0.0000000000000000        0.0000000000000000     
   5.8729174998711678E-002   0.0000000000000000        0.0000000000000000     
   5.9304387498699047E-002   0.0000000000000000        0.0000000000000000     
   5.9879599998686417E-002   0.0000000000000000        0.0000000000000000     
   6.0454812498673786E-002   0.0000000000000000        0.0000000000000000     
   6.1030024998661156E-002   0.0000000000000000        0.0000000000000000     
   6.1605237498648525E-002   0.0000000000000000        0.0000000000000000     
   6.2180449998635888E-002   0.0000000000000000        0.0000000000000000     
   6.2755662498623258E-002   0.0000000000000000        0.0000000000000000     
   6.3330874998610620E-002   0.0000000000000000        0.0000000000000000     
   6.3906087498597983E-002   0.0000000000000000        0.0000000000000000     
   6.4481299998585345E-002   0.0000000000000000        0.0000000000000000     
   6.5056512498572708E-002   0.0000000000000000        0.0000000000000000     
   6.5631724998560070E-002   0.0000000000000000        0.0000000000000000     
   6.6206937498547433E-002   0.0000000000000000        0.0000000000000000     
   6.6782149998534795E-002   0.0000000000000000        0.0000000000000000     
   6.7357362498522158E-002   0.0000000000000000        0.0000000000000000     
   6.7932574998509521E-002   0.0000000000000000        0.0000000000000000     
   6.8507787498496883E-002   0.0000000000000000        0.0000000000000000     
   6.9082999998484246E-002   0.0000000000000000        0.0000000000000000     
   6.9658212498471608E-002   0.0000000000000000        0.0000000000000000     
   7.0233424998458971E-002   0.0000000000000000        0.0000000000000000     
   7.0808637498446333E-002   0.0000000000000000        0.0000000000000000     
   7.1383849998433696E-002   0.0000000000000000        0.0000000000000000     
   7.1959062498421059E-002   0.0000000000000000        0.0000000000000000     
   7.2534274998408421E-002   0.0000000000000000        0.0000000000000000     
   7.3109487498395784E-002   0.0000000000000000        0.0000000000000000     
   7.3684699998383146E-002   0.0000000000000000        0.0000000000000000     
   7.4259912498370509E-002   0.0000000000000000        0.0000000000000000     
   7.4835124998357871E-002   0.0000000000000000        0.0000000000000000     
   7.5410337498345234E-002   0.0000000000000000        0.0000000000000000     
   7.5985549998332597E-002   0.0000000000000000        0.0000000000000000     
   7.6560762498319959E-002   0.0000000000000000        0.0000000000000000     
   7.7135974998307322E-002   0.0000000000000000        0.0000000000000000     
   7.7711187498294684E-002   0.0000000000000000        0.0000000000000000     
   7.8286399998282047E-002   0.0000000000000000        0.0000000000000000     
   7.8861612498269409E-002   0.0000000000000000        0.0000000000000000     
   7.9436824998256772E-002   0.0000000000000000        0.0000000000000000     
   8.0012037498244135E-002   0.0000000000000000        0.0000000000000000     
   8.0587249998231497E-002   0.0000000000000000        0.0000000000000000     
   8.1162462498218860E-002   0.0000000000000000        0.0000000000000000     
   8.1737674998206222E-002   0.0000000000000000        0.0000000000000000     
   8.2312887498193585E-002   0.0000000000000000        0.0000000000000000     
   8.2888099998180947E-002   0.0000000000000000        0.0000000000000000     
   8.3463312498168310E-002   0.0000000000000000        0.0000000000000000     
   8.4038524998155673E-002   0.0000000000000000        0.0000000000000000     
   8.4613737498143035E-002   0.0000000000000000        0.0000000000000000     
   8.5188949998130398E-002   0.0000000000000000        0.0000000000000000     
   8.5764162498117760E-002   0.0000000000000000        0.0000000000000000     
   8.6339374998105123E-002   0.0000000000000000        0.0000000000000000     
   8.6914587498092485E-002   0.0000000000000000        0.0000000000000000     
   8.7489799998079848E-002   0.0000000000000000        0.0000000000000000     
   8.8065012498067211E-002   0.0000000000000000        0.0000000000000000     
   8.8640224998054573E-002   0.0000000000000000        0.0000000000000000     
   8.9215437498041936E-002   0.0000000000000000        0.0000000000000000     
   8.9790649998029298E-002   0.0000000000000000        0.0000000000000000     
   9.0365862498016661E-002   0.0000000000000000        0.0000000000000000     
   9.0941074998004023E-002   0.0000000000000000        0.0000000000000000     
   9.1516287497991386E-002   0.0000000000000000        0.0000000000000000     
   9.2091499997978749E-002   0.0000000000000000        0.0000000000000000     
   9.2666712497966111E-002   0.0000000000000000        0.0000000000000000     
   9.3241924997953474E-002   0.0000000000000000        0.0000000000000000     
   9.3817137497940836E-002   0.0000000000000000        0.0000000000000000     
   9.4392349997928199E-002   0.0000000000000000        0.0000000000000000     
   9.4967562497915561E-002   0.0000000000000000        0.0000000000000000     
   9.5542774997902924E-002   0.0000000000000000        0.0000000000000000     
   9.6117987497890287E-002   0.0000000000000000        0.0000000000000000     
   9.6693199997877649E-002   0.0000000000000000        0.0000000000000000     
   9.7268412497865012E-002   0.0000000000000000        0.0000000000000000     
   9.7843624997852374E-002   0.0000000000000000        0.0000000000000000     
   9.8418837497839737E-002   0.0000000000000000        0.0000000000000000     
   9.8994049997827099E-002   0.0000000000000000        0.0000000000000000     
   9.9569262497814462E-002   0.0000000000000000        0.0000000000000000     
  0.10014447499780182        0.0000000000000000        0.0000000000000000     
  0.10071968749778919        0.0000000000000000        0.0000000000000000     
  0.10129489999777655        0.0000000000000000        0.0000000000000000     
  0.10187011249776391        0.0000000000000000        0.0000000000000000     
  0.10244532499775127        0.0000000000000000        0.0000000000000000     
  0.10302053749773864        0.0000000000000000        0.0000000000000000     
  0.10359574999772600        0.0000000000000000        0.0000000000000000     
  0.10417096249771336        0.0000000000000000        0.0000000000000000     
  0.10474617499770073        0.0000000000000000        0.0000000000000000     
  0.10532138749768809        0.0000000000000000        0.0000000000000000     
  0.10589659999767545        0.0000000000000000        0.0000000000000000     
  0.10647181249766281        0.0000000000000000        0.0000000000000000     
  0.10704702499765018        0.0000000000000000        0.0000000000000000     
  0.10762223749763754        0.0000000000000000        0.0000000000000000     
  0.10819744999762490        0.0000000000000000        0.0000000000000000     
  0.10877266249761226        0.0000000000000000        0.0000000000000000     
  0.10934787499759963        0.0000000000000000        0.0000000000000000     
  0.10992308749758699        0.0000000000000000        0.0000000000000000     
  0.11049829999757435        0.0000000000000000        0.0000000000000000     
  0.11107351249756171        0.0000000000000000        0.0000000000000000     
  0.11164872499754908        0.0000000000000000        0.0000000000000000     
  0.11222393749753644        0.0000000000000000        0.0000000000000000     
  0.11279914999752380        0.0000000000000000        0.0000000000000000     
  0.11337436249751116        0.0000000000000000        0.0000000000000000     
  0.11394957499749853        0.0000000000000000        0.0000000000000000     
  0.11452478749748589        0.0000000000000000        0.0000000000000000     
