   1.0120000000000001E-003   0.0000000000000000        0.0000000000000000     
   2.2069400000000001E-003   0.0000000000000000        0.0000000000000000     
   3.4018800000000004E-003   0.0000000000000000        0.0000000000000000     
   4.5968200000000006E-003   0.0000000000000000        0.0000000000000000     
   5.7917600000000008E-003   0.0000000000000000        0.0000000000000000     
   6.9867000000000002E-003   0.0000000000000000        0.0000000000000000     
   8.1816400000000004E-003   0.0000000000000000        0.0000000000000000     
   9.3765800000000007E-003   0.0000000000000000        0.0000000000000000     
   1.0571520000000001E-002   0.0000000000000000        0.0000000000000000     
   1.1766460000000001E-002   0.0000000000000000        0.0000000000000000     
   1.2961400000000001E-002   0.0000000000000000        0.0000000000000000     
   1.4156340000000002E-002   0.0000000000000000        0.0000000000000000     
   1.5351280000000000E-002   0.0000000000000000        0.0000000000000000     
   1.6546220000000000E-002   0.0000000000000000        0.0000000000000000     
   1.7741159999999999E-002   0.0000000000000000        0.0000000000000000     
   1.8936099999999997E-002   0.0000000000000000        0.0000000000000000     
   2.0131039999999996E-002   0.0000000000000000        0.0000000000000000     
   2.1325979999999994E-002   0.0000000000000000        0.0000000000000000     
   2.2520919999999993E-002   0.0000000000000000        0.0000000000000000     
   2.3715859999999991E-002   0.0000000000000000        0.0000000000000000     
   2.4910799999999990E-002   0.0000000000000000        0.0000000000000000     
   2.6105739999999988E-002   0.0000000000000000        0.0000000000000000     
   2.7300679999999987E-002   0.0000000000000000        0.0000000000000000     
   2.8495619999999985E-002   0.0000000000000000        0.0000000000000000     
   2.9690559999999984E-002   0.0000000000000000        0.0000000000000000     
   3.0885499999999982E-002   0.0000000000000000        0.0000000000000000     
   3.2080439999999981E-002   0.0000000000000000        0.0000000000000000     
   3.3275379999999979E-002   0.0000000000000000        0.0000000000000000     
   3.4470319999999978E-002   0.0000000000000000        0.0000000000000000     
   3.5665259999999976E-002   0.0000000000000000        0.0000000000000000     
   3.6860199999999975E-002   0.0000000000000000        0.0000000000000000     
   3.8055139999999973E-002   0.0000000000000000        0.0000000000000000     
   3.9250079999999972E-002   0.0000000000000000        0.0000000000000000     
   4.0445019999999970E-002   0.0000000000000000        0.0000000000000000     
   4.1639959999999969E-002   0.0000000000000000        0.0000000000000000     
   4.2834899999999967E-002   0.0000000000000000        0.0000000000000000     
   4.4029839999999966E-002   0.0000000000000000        0.0000000000000000     
   4.5224779999999964E-002   0.0000000000000000        0.0000000000000000     
   4.6419719999999963E-002   0.0000000000000000        0.0000000000000000     
   4.7614659999999961E-002   0.0000000000000000        0.0000000000000000     
   4.8809599999999960E-002   0.0000000000000000        0.0000000000000000     
   5.0004539999999958E-002   0.0000000000000000        0.0000000000000000     
   5.1199479999999957E-002   0.0000000000000000        0.0000000000000000     
   5.2394419999999955E-002   0.0000000000000000        0.0000000000000000     
   5.3589359999999954E-002   0.0000000000000000        0.0000000000000000     
   5.4784299999999952E-002   0.0000000000000000        0.0000000000000000     
   5.5979239999999951E-002   0.0000000000000000        0.0000000000000000     
   5.7174179999999949E-002   0.0000000000000000        0.0000000000000000     
   5.8369119999999948E-002   0.0000000000000000        0.0000000000000000     
   5.9564059999999946E-002   0.0000000000000000        0.0000000000000000     
   6.0758999999999945E-002   0.0000000000000000        0.0000000000000000     
   6.1953939999999950E-002   0.0000000000000000        0.0000000000000000     
   6.3148879999999949E-002   0.0000000000000000        0.0000000000000000     
   6.4343819999999954E-002   0.0000000000000000        0.0000000000000000     
   6.5538759999999960E-002   0.0000000000000000        0.0000000000000000     
   6.6733699999999965E-002   0.0000000000000000        0.0000000000000000     
   6.7928639999999971E-002   0.0000000000000000        0.0000000000000000     
   6.9123579999999976E-002   0.0000000000000000        0.0000000000000000     
   7.0318519999999982E-002   0.0000000000000000        0.0000000000000000     
   7.1513459999999987E-002   0.0000000000000000        0.0000000000000000     
   7.2708399999999992E-002   0.0000000000000000        0.0000000000000000     
   7.3903339999999998E-002   0.0000000000000000        0.0000000000000000     
   7.5098280000000003E-002   0.0000000000000000        0.0000000000000000     
   7.6293220000000009E-002   0.0000000000000000        0.0000000000000000     
   7.7488160000000014E-002   0.0000000000000000        0.0000000000000000     
   7.8683100000000020E-002   0.0000000000000000        0.0000000000000000     
   7.9878040000000025E-002   0.0000000000000000        0.0000000000000000     
   8.1072980000000031E-002   0.0000000000000000        0.0000000000000000     
   8.2267920000000036E-002   0.0000000000000000        0.0000000000000000     
   8.3462860000000041E-002   0.0000000000000000        0.0000000000000000     
   8.4657800000000047E-002   0.0000000000000000        0.0000000000000000     
   8.5852740000000052E-002   0.0000000000000000        0.0000000000000000     
   8.7047680000000058E-002   0.0000000000000000        0.0000000000000000     
   8.8242620000000063E-002   0.0000000000000000        0.0000000000000000     
   8.9437560000000069E-002   0.0000000000000000        0.0000000000000000     
   9.0632500000000074E-002   0.0000000000000000        0.0000000000000000     
   9.1827440000000080E-002   0.0000000000000000        0.0000000000000000     
   9.3022380000000085E-002   0.0000000000000000        0.0000000000000000     
   9.4217320000000090E-002   0.0000000000000000        0.0000000000000000     
   9.5412260000000096E-002   0.0000000000000000        0.0000000000000000     
   9.6607200000000101E-002   0.0000000000000000        0.0000000000000000     
   9.7802140000000107E-002   0.0000000000000000        0.0000000000000000     
   9.8997080000000112E-002   0.0000000000000000        0.0000000000000000     
  0.10019202000000012        0.0000000000000000        0.0000000000000000     
  0.10138696000000012        0.0000000000000000        0.0000000000000000     
  0.10258190000000013        0.0000000000000000        0.0000000000000000     
  0.10377684000000013        0.0000000000000000        0.0000000000000000     
  0.10497178000000014        0.0000000000000000        0.0000000000000000     
  0.10616672000000014        0.0000000000000000        0.0000000000000000     
  0.10736166000000015        0.0000000000000000        0.0000000000000000     
  0.10855660000000016        0.0000000000000000        0.0000000000000000     
  0.10975154000000016        0.0000000000000000        0.0000000000000000     
  0.11094648000000017        0.0000000000000000        0.0000000000000000     
  0.11214142000000017        0.0000000000000000        0.0000000000000000     
  0.11333636000000018        0.0000000000000000        0.0000000000000000     
  0.11453130000000018        0.0000000000000000        0.0000000000000000     
  0.11572624000000019        0.0000000000000000        0.0000000000000000     
  0.11692118000000019        0.0000000000000000        0.0000000000000000     
  0.11811612000000020        0.0000000000000000        0.0000000000000000     
  0.11931106000000020        0.0000000000000000        0.0000000000000000     
  0.12050600000000021        0.0000000000000000        0.0000000000000000     
  0.12170094000000022        0.0000000000000000        0.0000000000000000     
  0.12289588000000022        0.0000000000000000        0.0000000000000000     
  0.12409082000000021        0.0000000000000000        0.0000000000000000     
  0.12528576000000022        0.0000000000000000        0.0000000000000000     
  0.12648070000000022        0.0000000000000000        0.0000000000000000     
  0.12767564000000023        0.0000000000000000        0.0000000000000000     
  0.12887058000000023        0.0000000000000000        0.0000000000000000     
  0.13006552000000024        0.0000000000000000        0.0000000000000000     
  0.13126046000000025        0.0000000000000000        0.0000000000000000     
  0.13245540000000025        0.0000000000000000        0.0000000000000000     
  0.13365034000000026        0.0000000000000000        0.0000000000000000     
  0.13484528000000026        0.0000000000000000        0.0000000000000000     
  0.13604022000000027        0.0000000000000000        0.0000000000000000     
  0.13723516000000027        0.0000000000000000        0.0000000000000000     
  0.13843010000000028        0.0000000000000000        0.0000000000000000     
  0.13962504000000028        0.0000000000000000        0.0000000000000000     
  0.14081998000000029        0.0000000000000000        0.0000000000000000     
  0.14201492000000029        0.0000000000000000        0.0000000000000000     
  0.14320986000000030        0.0000000000000000        0.0000000000000000     
  0.14440480000000031        0.0000000000000000        0.0000000000000000     
  0.14559974000000031        0.0000000000000000        0.0000000000000000     
  0.14679468000000032        0.0000000000000000        0.0000000000000000     
  0.14798962000000032        0.0000000000000000        0.0000000000000000     
  0.14918456000000033        0.0000000000000000        0.0000000000000000     
  0.15037950000000033        0.0000000000000000        0.0000000000000000     
  0.15157444000000034        0.0000000000000000        0.0000000000000000     
  0.15276938000000034        0.0000000000000000        0.0000000000000000     
  0.15396432000000035        0.0000000000000000        0.0000000000000000     
  0.15515926000000035        0.0000000000000000        0.0000000000000000     
  0.15635420000000036        0.0000000000000000        0.0000000000000000     
  0.15754914000000037        0.0000000000000000        0.0000000000000000     
  0.15874408000000037        0.0000000000000000        0.0000000000000000     
  0.15993902000000038        0.0000000000000000        0.0000000000000000     
  0.16113396000000038        0.0000000000000000        0.0000000000000000     
  0.16232890000000039        0.0000000000000000        0.0000000000000000     
  0.16352384000000039        0.0000000000000000        0.0000000000000000     
  0.16471878000000040        0.0000000000000000        0.0000000000000000     
  0.16591372000000040        0.0000000000000000        0.0000000000000000     
  0.16710866000000041        0.0000000000000000        0.0000000000000000     
  0.16830360000000041        0.0000000000000000        0.0000000000000000     
  0.16949854000000042        0.0000000000000000        0.0000000000000000     
  0.17069348000000042        0.0000000000000000        0.0000000000000000     
  0.17188842000000043        0.0000000000000000        0.0000000000000000     
  0.17308336000000044        0.0000000000000000        0.0000000000000000     
  0.17427830000000044        0.0000000000000000        0.0000000000000000     
  0.17547324000000045        0.0000000000000000        0.0000000000000000     
  0.17666818000000045        0.0000000000000000        0.0000000000000000     
  0.17786312000000046        0.0000000000000000        0.0000000000000000     
  0.17905806000000046        0.0000000000000000        0.0000000000000000     
  0.18025300000000047        0.0000000000000000        0.0000000000000000     
  0.18144794000000047        0.0000000000000000        0.0000000000000000     
  0.18264288000000048        0.0000000000000000        0.0000000000000000     
  0.18383782000000048        0.0000000000000000        0.0000000000000000     
  0.18503276000000049        0.0000000000000000        0.0000000000000000     
  0.18622770000000050        0.0000000000000000        0.0000000000000000     
  0.18742264000000050        0.0000000000000000        0.0000000000000000     
  0.18861758000000051        0.0000000000000000        0.0000000000000000     
  0.18981252000000051        0.0000000000000000        0.0000000000000000     
  0.19100746000000052        0.0000000000000000        0.0000000000000000     
  0.19220240000000052        0.0000000000000000        0.0000000000000000     
  0.19339734000000053        0.0000000000000000        0.0000000000000000     
  0.19459228000000053        0.0000000000000000        0.0000000000000000     
  0.19578722000000054        0.0000000000000000        0.0000000000000000     
  0.19698216000000054        0.0000000000000000        0.0000000000000000     
  0.19817710000000055        0.0000000000000000        0.0000000000000000     
  0.19937204000000056        0.0000000000000000        0.0000000000000000     
  0.20056698000000056        0.0000000000000000        0.0000000000000000     
  0.20176192000000057        0.0000000000000000        0.0000000000000000     
  0.20295686000000057        0.0000000000000000        0.0000000000000000     
  0.20415180000000058        0.0000000000000000        0.0000000000000000     
  0.20534674000000058        0.0000000000000000        0.0000000000000000     
  0.20654168000000059        0.0000000000000000        0.0000000000000000     
  0.20773662000000059        0.0000000000000000        0.0000000000000000     
  0.20893156000000060        0.0000000000000000        0.0000000000000000     
  0.21012650000000060        0.0000000000000000        0.0000000000000000     
  0.21132144000000061        12.133363639542958       0.98374338007675799     
  0.21251638000000062        43.371247396845604        1.6371912381340743     
  0.21371132000000062        96.972206609841166        3.8101221020135876     
  0.21490626000000063        158.85212137939678        3.9055179605572454     
  0.21610120000000063        259.07982930861050        5.0899820692416577     
  0.21729614000000064        415.90354424164479        7.3820213193790813     
  0.21849108000000064        672.03618472357596        14.321306069147823     
  0.21968602000000065        1052.1467281555085        14.901519061378179     
  0.22088096000000065        1733.7453256031804        16.748687248001552     
  0.22207590000000066        3101.3674356473884        21.643889485211194     
  0.22327084000000066        5991.6050118456687        31.515322529829216     
  0.22446578000000067        7732.9365668583250        35.389354995474577     
  0.22566072000000068        10509.707213158290        42.611939584487885     
  0.22685566000000068        15927.730563418263        52.167629171341780     
  0.22805060000000069        31252.831038282664        72.173247382125311     
  0.22924554000000069        627500.62047416263        135.95392702687843     
  0.23044048000000070        0.0000000000000000        0.0000000000000000     
  0.23163542000000070        0.0000000000000000        0.0000000000000000     
  0.23283036000000071        0.0000000000000000        0.0000000000000000     
  0.23402530000000071        0.0000000000000000        0.0000000000000000     
  0.23522024000000072        0.0000000000000000        0.0000000000000000     
  0.23641518000000072        0.0000000000000000        0.0000000000000000     
  0.23761012000000073        0.0000000000000000        0.0000000000000000     
  0.23880506000000074        0.0000000000000000        0.0000000000000000     
