 -0.50000000000000000        1.1335267212292841E-002   1.1474918483409184E-003
  0.40500000000000003       0.10700148171656160        3.3509271239239640E-003
   1.3099999999999998       0.22186626276992538        4.7216113185956626E-003
   2.2149999999999999       0.34337672835486632        5.8023026361561213E-003
   3.1200000000000001       0.46722223119134632        6.7008677157457648E-003
   4.0250000000000004       0.58558464567758028        7.4496116687654164E-003
   4.9300000000000006       0.69501388231314665        8.0787069268916430E-003
   5.8350000000000009       0.82725089057043411        8.7836904986133262E-003
   6.7400000000000011       0.93947972110403810        9.3365835360799260E-003
   7.6450000000000005        1.0686757217942036        9.9326172153056218E-003
   8.5500000000000007        1.1860336803301543        1.0425165998692374E-002
   9.4550000000000001        1.2941847776635644        1.0874601670983107E-002
   10.359999999999999        1.3881305673438473        1.1246700524126940E-002
   11.264999999999999        1.5340825776095808        1.1825319451444005E-002
   12.169999999999998        1.6511036197943911        1.2250601421717489E-002
   13.074999999999998        1.7536860269584624        1.2626467757355934E-002
   13.979999999999997        1.8907438174364504        1.3110713149714230E-002
   14.884999999999996        2.0039274702231018        1.3489653810063128E-002
   15.789999999999997        2.1203481791715948        1.3885465048462650E-002
   16.694999999999997        2.2371775645692140        1.4275483484121857E-002
   17.599999999999998        2.3188396662479418        1.4529682206702678E-002
   18.504999999999999        2.4904786343958385        1.5094295970510095E-002
   19.410000000000000        2.5801525670604044        1.5377268960773106E-002
   20.315000000000001        2.6485787614851342        1.5595324456627672E-002
   21.220000000000002        2.7919901355863930        1.6036305320764763E-002
   22.125000000000004        2.9003866034254324        1.6367952719365340E-002
   23.030000000000005        3.0241712642507808        1.6761441834728674E-002
   23.935000000000006        3.1070384538412577        1.7020174415718427E-002
   24.840000000000007        3.1806204669890925        1.7241731713167948E-002
   25.745000000000008        3.3124089222506528        1.7651849987167994E-002
   26.650000000000009        3.4323966380305175        1.7990125293954429E-002
   27.555000000000010        3.5004161164887719        1.8214082934713272E-002
   28.460000000000012        3.5816417873927966        1.8480349665263549E-002
   29.365000000000013        3.7046828148743010        1.8847348790987817E-002
   30.270000000000014        3.8235213714818701        1.9205782368058855E-002
   31.175000000000011        3.8872956795398301        1.9402230902191592E-002
   32.080000000000013        4.0145788486738070        1.9789780203372260E-002
   32.985000000000014        4.1267417746353647        2.0140581815273121E-002
   33.890000000000015        4.1775742318881504        2.0330725665688793E-002
   34.795000000000016        4.2723648960578222        2.0636681617755497E-002
   35.700000000000017        4.3665565490217251        2.0940036621199885E-002
   36.605000000000018        4.4817275117343698        2.1289000047154966E-002
   37.510000000000019        4.5624484443574858        2.1564052279133876E-002
   38.415000000000020        4.6327052369670678        2.1791817990320105E-002
   39.320000000000022        4.7064902300307461        2.2042067159213186E-002
   40.225000000000023        4.8293760335142801        2.2462233178488483E-002
   41.130000000000024        4.9006300425034937        2.2682175846655103E-002
   42.035000000000025        4.9747386254081558        2.2959425031926130E-002
   42.940000000000026        5.0442290045015508        2.3252708759478814E-002
   43.845000000000027        5.1134047931278204        2.3509731823262724E-002
   44.750000000000028        5.2129376554315865        2.3833112084317608E-002
   45.655000000000030        5.2890562684366085        2.4125496944608447E-002
   46.560000000000031        5.3509522445110234        2.4376912838942919E-002
   47.465000000000032        5.4107659599721316        2.4630713738636442E-002
   48.370000000000033        5.4866646213500729        2.4967776854752339E-002
   49.275000000000034        5.5384668585017929        2.5131163807861887E-002
   50.180000000000035        5.6448301069436306        2.5511477296515230E-002
   51.085000000000036        5.7014382396380459        2.5742483662671119E-002
   51.990000000000038        5.8008758451410696        2.6120257349363154E-002
   52.895000000000039        5.8260969506926701        2.6323370790079889E-002
   53.800000000000040        5.8901836802453831        2.6581417951280491E-002
   54.705000000000041        5.9206003867768358        2.6796224727004825E-002
   55.610000000000042        5.9907094536496679        2.7054077720381264E-002
   56.515000000000043        6.0246185942418835        2.7324916342595807E-002
   57.420000000000044        6.1146889612679276        2.7626001201099596E-002
   58.325000000000045        6.1918801421731713        2.7905083217291873E-002
   59.230000000000047        6.2098020121306474        2.8087883351935031E-002
   60.135000000000048        6.2637527927169367        2.8360106630482083E-002
   61.040000000000049        6.3306385148239652        2.8714323188016824E-002
   61.945000000000050        6.4170064273092171        2.8990223007317587E-002
   62.850000000000051        6.4270064891139720        2.9173319104370501E-002
   63.755000000000052        6.4796180229648419        2.9459051399726918E-002
   64.660000000000053        6.4967345909566916        2.9603484094810159E-002
   65.565000000000055        6.5983526729834558        2.9982017790634537E-002
   66.470000000000056        6.6001957543086780        3.0118594780629362E-002
   67.375000000000057        6.6030408457313641        3.0229119804572858E-002
   68.280000000000058        6.6830647988408280        3.0595152146069039E-002
   69.185000000000059        6.7235626117723744        3.0816869184743051E-002
   70.090000000000060        6.8090261963975358        3.1139627697885117E-002
   70.995000000000061        6.7309853868547984        3.1121449511174980E-002
   71.900000000000063        6.7953053705556252        3.1322608772763480E-002
   72.805000000000064        6.8052320548755940        3.1465335180295657E-002
   73.710000000000065        6.8370407129283741        3.1698903250959157E-002
   74.615000000000066        6.9109506345571656        3.1933986042873536E-002
   75.520000000000067        6.8920979538188165        3.1994801932532450E-002
   76.425000000000068        6.9287089814224974        3.2224597299299232E-002
   77.330000000000069        6.9776471590964908        3.2595948121107325E-002
   78.235000000000070        7.0192327794211513        3.2675211669262239E-002
   79.140000000000072        6.9648031213910206        3.2604656853224091E-002
   80.045000000000073        6.9789894557650483        3.2706496942261541E-002
   80.950000000000074        7.0628942197533142        3.2989865154860062E-002
   81.855000000000075        7.0334879470951224        3.2950484423941426E-002
   82.760000000000076        7.0132034581838489        3.2985333574157082E-002
   83.665000000000077        7.0782194797772675        3.3161394386102279E-002
   84.570000000000078        7.1263466065489682        3.3457934952794338E-002
   85.475000000000080        7.1130485108113399        3.3391872131191436E-002
   86.380000000000081        7.1302561541960614        3.3559283305483523E-002
   87.285000000000082        7.1466587838862132        3.3541389723417067E-002
   88.190000000000083        7.0836385556699657        3.3439158120764083E-002
   89.095000000000084        7.2112307212869666        3.3770149636348050E-002
   90.000000000000085        7.0812634015467228        3.3418852541283010E-002
   90.905000000000086        7.0870849247118670        3.3468933791703667E-002
   91.810000000000088        7.1544067353000935        3.3565307722319249E-002
   92.715000000000089        7.1734299221788671        3.3646721928681449E-002
   93.620000000000090        7.1730594001642514        3.3631448047769276E-002
   94.525000000000091        7.1181740100543500        3.3434953587993040E-002
   95.430000000000092        7.1044848370320786        3.3461406309887899E-002
   96.335000000000093        7.0567045874458350        3.3222215351404336E-002
   97.240000000000094        7.1144498249791450        3.3422591836862789E-002
   98.145000000000095        7.0725286189839291        3.3168981163744567E-002
   99.050000000000097        7.0966699399294120        3.3279054003138429E-002
   99.955000000000098        7.0695227002285099        3.3065647450527320E-002
   100.86000000000010        7.0988241779190862        3.2979459003219337E-002
   101.76500000000010        7.0216790307271655        3.2811383515853394E-002
   102.67000000000010        7.0210320007573763        3.2837038902185672E-002
   103.57500000000010        6.9959105464322757        3.2591460513661477E-002
   104.48000000000010        6.9661491677565301        3.2313397396101090E-002
   105.38500000000010        6.9486586964852535        3.2350517210574366E-002
   106.29000000000011        6.9576702412699127        3.2298069066660509E-002
   107.19500000000011        6.8551114789735701        3.1732210790086549E-002
   108.10000000000011        6.8645378242351631        3.1754626337991247E-002
   109.00500000000011        6.8671537695778913        3.1646972315908413E-002
   109.91000000000011        6.8794664089251532        3.1628788244842519E-002
   110.81500000000011        6.8198558898364432        3.1408558602032406E-002
   111.72000000000011        6.7188346468632947        3.0836065079322409E-002
   112.62500000000011        6.7348601831928336        3.0857194870394646E-002
   113.53000000000011        6.6988979405983988        3.0876214328343119E-002
   114.43500000000012        6.6983610708334096        3.0586676231392392E-002
   115.34000000000012        6.6300640513212148        3.0244800440413777E-002
   116.24500000000012        6.5610983780845826        3.0006027882612477E-002
   117.15000000000012        6.5602110531310984        2.9863672876956827E-002
   118.05500000000012        6.4641984591185002        2.9492438965471143E-002
   118.96000000000012        6.4154520123176244        2.9198820382020218E-002
   119.86500000000012        6.4371107328492965        2.9276599533522858E-002
   120.77000000000012        6.3347979043680311        2.8822921727016840E-002
   121.67500000000013        6.2679946241425162        2.8538095911616986E-002
   122.58000000000013        6.2636033282521746        2.8694852461609903E-002
   123.48500000000013        6.2228498933490792        2.8250605117198714E-002
   124.39000000000013        6.1598702162801304        2.8059620273909312E-002
   125.29500000000013        6.0618941718966513        2.7677370899410893E-002
   126.20000000000013        6.0020806425043842        2.7474943527011624E-002
   127.10500000000013        5.9654429819533243        2.7285602478780362E-002
   128.01000000000013        5.8937278861364479        2.7004157734059123E-002
   128.91500000000013        5.7878059619769928        2.6615912505727743E-002
   129.82000000000014        5.8173718911168208        2.6652528478242257E-002
   130.72500000000014        5.6867615463646821        2.6207526189765105E-002
   131.63000000000014        5.6253731275555694        2.5833030716727726E-002
   132.53500000000014        5.5548669454086594        2.5593276393236004E-002
   133.44000000000014        5.5093403070632148        2.5493570865103139E-002
   134.34500000000014        5.4066483822467575        2.5379997806525049E-002
   135.25000000000014        5.3256302617515576        2.4832189793447604E-002
   136.15500000000014        5.2370907982537389        2.4998626324865113E-002
   137.06000000000014        5.2048372968032339        2.4480552664451403E-002
   137.96500000000015        5.0844773410020565        2.4004085612991350E-002
   138.87000000000015        5.0008969692762557        2.4085892723284475E-002
   139.77500000000015        4.9523525977456000        2.3625504018098618E-002
   140.68000000000015        4.8658075448832658        2.3892304317409525E-002
   141.58500000000015        4.7610171460773527        2.3085459078354176E-002
   142.49000000000015        4.6538864759867753        2.2819219077642210E-002
   143.39500000000015        4.5975820422112967        2.2670306673800256E-002
   144.30000000000015        4.4710756406138472        2.2420825103246684E-002
   145.20500000000015        4.4072032689440874        2.2272529218038795E-002
   146.11000000000016        4.3163487839061077        2.1988281189845166E-002
   147.01500000000016        4.2461926993621715        2.1858256897777137E-002
   147.92000000000016        4.1310323876478332        2.1958432031710936E-002
   148.82500000000016        4.0320946357709939        2.1287505257270307E-002
   149.73000000000016        3.9262806049884560        2.1075225822357747E-002
   150.63500000000016        3.8552399366452348        2.0908971476835007E-002
   151.54000000000016        3.7395957492288288        2.0852547187323555E-002
   152.44500000000016        3.6112795930560457        2.0304115878671800E-002
   153.35000000000016        3.5282816932145105        1.9773140996328421E-002
   154.25500000000017        3.4052971102746410        1.9644735539723703E-002
   155.16000000000017        3.3089296816160116        1.9393693878038541E-002
   156.06500000000017        3.1632560898103623        1.8953325668555194E-002
   156.97000000000017        3.0780595185447117        1.8894856686553291E-002
   157.87500000000017        2.9572505595120120        1.8431459216513124E-002
   158.78000000000017        2.8602701431141688        2.1345761351923530E-002
   159.68500000000017        2.7279998763995907        1.9052749231023770E-002
   160.59000000000017        2.6391869507402772        1.8017183009726330E-002
   161.49500000000018        2.5174295918701342        1.8305318758092864E-002
   162.40000000000018        2.3725949233495984        1.7749874657628274E-002
   163.30500000000018        2.2540897040419843        2.0816757613122315E-002
   164.21000000000018        2.1411540708197476        1.8069900040776188E-002
   165.11500000000018        2.0373775714377254        1.7476453836406957E-002
   166.02000000000018        1.9017806687617045        1.7187339767250318E-002
   166.92500000000018        1.7789670720571666        1.8144682717160132E-002
   167.83000000000018        1.6156961962363534        1.6883098729634328E-002
   168.73500000000018        1.5388426124310559        1.6986105624116107E-002
   169.64000000000019        1.4011122865908547        1.6660584470021562E-002
   170.54500000000019        1.3053935419404266        2.7187967737626613E-002
   171.45000000000019        1.1419776323662181        1.7144348838445907E-002
   172.35500000000019        1.0114367088927878        1.8265392772923515E-002
   173.26000000000019       0.85975529850743448        2.7516264036808812E-002
   174.16500000000019       0.63744425394639936        8.7070238283118544E-003
   175.07000000000019       0.49509177078684036        5.5202458262673939E-003
   175.97500000000019       0.38610780875352174        4.5486208500741913E-003
   176.88000000000019       0.28661134575030278        4.5623932260352162E-003
   177.78500000000020       0.18362179986780530        3.0935049751746446E-003
   178.69000000000020        8.0518927520522227E-002   1.9410747698599051E-003
   179.59500000000020        8.1555016025837979E-003   5.8297643319667430E-004
